Car 0.00 0 1.60 612.53 561.96 667.69 604.26 1.49 2.16 4.79 -0.08 1.77 27.49 1.60
Car 0.00 0 1.56 570.77 584.44 710.42 702.25 1.49 2.16 4.79 0.01 1.77 12.31 1.56
Car 0.00 0 3.13 1004.74 556.18 1049.67 577.14 1.38 1.48 2.21 26.78 1.83 44.30 3.13
Car 0.00 0 3.13 893.97 551.53 974.49 574.66 1.65 2.15 5.03 21.92 1.71 47.83 3.13
Truck 0.00 0 -3.12 264.09 545.49 364.37 574.47 2.10 2.39 6.27 -24.30 1.47 47.93 -3.12
Car 0.00 0 0.05 197.15 547.26 288.30 580.70 2.04 2.07 4.48 -25.18 1.49 40.70 0.05
Car 0.00 0 1.04 718.13 559.74 780.55 589.96 1.39 1.99 4.18 5.97 1.83 34.59 1.04
Car 0.00 0 -3.09 907.73 553.56 972.85 576.81 1.55 1.79 3.71 20.91 1.74 44.65 -3.09
Car 0.00 0 0.31 771.82 510.26 947.02 583.05 4.25 3.94 10.27 13.97 0.39 40.86 0.31
Car 0.00 0 2.63 468.31 554.59 529.37 579.14 1.50 1.85 3.63 -9.37 1.75 42.48 2.63
Car 0.00 0 3.13 1006.28 526.96 1138.90 574.79 3.46 2.89 7.94 32.15 0.79 47.79 3.13