Car 0.00 0 1.95 570.42 560.01 647.74 598.28 1.49 2.16 4.79 -1.56 1.76 29.99 1.95
Car 0.00 0 1.56 576.28 581.69 704.29 688.23 1.49 2.16 4.79 0.01 1.76 13.21 1.56
Car 0.00 0 3.13 1042.95 557.56 1094.29 580.89 1.38 1.48 2.21 26.74 1.81 39.98 3.13
Car 0.00 0 3.13 918.10 552.31 1008.07 577.85 1.65 2.15 5.03 21.88 1.68 43.50 3.13
Truck 0.00 0 -3.05 129.91 545.69 250.58 578.39 2.10 2.39 6.27 -30.12 1.44 43.07 -3.05
Car 0.00 0 0.05 141.83 547.78 247.01 585.38 2.04 2.07 4.48 -25.20 1.47 36.33 0.05
Car 0.00 0 1.00 735.53 561.60 806.28 596.09 1.39 1.99 4.18 6.39 1.81 30.88 1.00
Car 0.00 0 -3.09 935.34 554.64 1008.70 580.53 1.55 1.79 3.71 20.87 1.72 40.32 -3.09
Car 0.00 0 0.31 786.82 506.00 983.18 588.36 4.25 3.94 10.27 13.94 0.37 36.52 0.31
Car 0.00 0 3.05 343.99 555.35 414.76 580.93 1.50 1.85 3.63 -16.18 1.73 39.82 3.05
Car 0.00 0 3.13 1041.01 525.27 1189.66 578.03 3.46 2.89 7.94 32.11 0.76 43.46 3.13