Car 0.00 0 1.72 728.99 563.29 804.32 610.37 1.49 2.16 4.79 5.14 1.76 25.43 1.72
Car 0.00 0 1.94 578.83 595.29 778.82 777.38 1.49 2.16 4.79 0.73 1.76 9.29 1.94
Car 0.00 0 1.82 695.99 578.99 762.21 641.62 1.38 1.48 2.21 2.43 1.82 17.14 1.82
Truck 0.00 0 -1.58 809.64 544.59 856.87 572.08 2.10 2.39 6.27 16.16 1.46 53.27 -1.58
Motorcycle 0.00 0 1.59 874.84 556.55 896.91 590.87 1.65 0.77 2.35 12.70 1.71 33.02 1.59
Truck 0.00 0 1.96 817.13 561.57 1194.15 819.15 2.10 2.39 6.27 4.17 1.45 8.99 1.96
Cyclist 0.00 0 1.56 913.70 551.78 928.87 574.51 1.61 0.87 1.51 20.74 1.69 47.18 1.56
Car 0.00 0 1.56 914.53 551.09 947.50 571.68 1.54 2.04 4.97 24.30 1.74 53.34 1.56
Car 0.00 0 -1.45 561.12 565.31 647.30 603.11 1.30 1.89 4.72 -1.44 1.86 27.96 -1.45
Car 0.00 0 1.56 881.74 552.91 929.39 582.86 1.65 2.15 5.03 16.80 1.69 40.33 1.56
Car 0.00 0 1.73 780.79 477.16 924.23 629.62 4.25 3.94 10.27 7.85 0.38 23.36 1.73
Car 0.00 0 1.56 841.08 546.91 879.52 577.37 1.99 1.77 4.44 15.65 1.51 45.34 1.56
Car 0.00 0 1.59 787.03 557.40 847.25 589.90 1.49 2.16 4.79 9.71 1.76 34.83 1.59