Car 0.00 0 1.58 779.14 558.29 836.97 591.39 1.49 2.16 4.79 9.01 1.78 34.00 1.58
Car 0.00 0 1.83 625.16 584.34 764.70 705.43 1.49 2.16 4.79 1.26 1.77 12.28 1.83
Car 0.00 0 1.64 737.77 569.37 788.89 611.82 1.38 1.48 2.21 4.61 1.84 23.77 1.64
Truck 0.00 0 -1.54 644.62 548.58 741.12 604.45 2.10 2.39 6.27 2.52 1.47 28.35 -1.54
Motorcycle 0.00 0 1.59 860.19 559.34 882.58 599.38 1.65 0.77 2.35 10.37 1.72 28.65 1.59
Car 0.00 0 -1.58 653.33 541.52 728.93 586.39 2.43 2.35 6.37 3.19 1.31 38.24 -1.58
Truck 0.00 0 1.89 821.81 562.46 1242.99 846.33 2.10 2.39 6.27 4.14 1.46 8.50 1.89
Cyclist 0.00 0 1.56 888.45 553.17 903.84 577.98 1.61 0.87 1.51 17.36 1.72 43.36 1.56
Car 0.00 0 1.56 886.30 552.21 918.70 574.47 1.54 2.04 4.97 20.45 1.77 49.75 1.56
Car 0.00 0 -1.58 763.89 554.51 805.03 578.31 1.48 1.97 3.81 10.06 1.79 44.38 -1.58
Car 0.00 0 1.56 860.53 554.63 908.92 588.49 1.65 2.15 5.03 13.92 1.71 36.23 1.56
Car 0.00 0 1.73 771.49 455.45 966.63 662.14 4.25 3.94 10.27 6.24 0.39 18.65 1.73
Car 0.00 0 1.56 849.21 546.06 876.87 570.44 1.99 1.77 4.44 19.46 1.54 55.74 1.56
Car 0.00 0 1.56 819.01 554.25 861.90 578.88 1.49 2.16 4.79 13.95 1.79 44.35 1.56