Car 0.00 0 1.56 691.96 562.50 749.20 606.56 1.49 2.16 4.79 3.46 1.77 26.72 1.56
Car 0.00 0 1.59 619.59 585.02 763.01 708.78 1.49 2.16 4.79 1.09 1.77 12.04 1.59
Car 0.00 0 1.57 688.26 574.67 739.74 627.27 1.38 1.48 2.21 2.32 1.83 19.70 1.57
Motorcycle 0.00 0 1.59 861.84 586.39 944.86 704.83 1.65 0.77 2.35 4.47 1.71 11.05 1.59
Car 0.00 0 1.16 746.09 552.04 765.93 571.20 1.53 0.87 2.19 9.75 1.80 53.71 1.16
Car 0.00 0 0.40 857.04 551.65 920.22 570.09 1.49 1.84 4.89 21.36 1.77 55.04 0.40
Cyclist 0.00 0 1.57 794.95 560.41 819.59 600.79 1.61 0.87 1.51 7.09 1.70 27.18 1.57
Car 0.00 0 -1.54 29.28 589.43 389.86 746.75 1.51 2.13 4.90 -6.30 1.75 10.32 -1.54
Car 0.00 0 1.56 773.60 557.05 819.80 591.05 1.54 2.04 4.97 8.27 1.75 34.18 1.56
Car 0.00 0 1.56 788.95 565.47 886.15 636.93 1.65 2.15 5.03 5.76 1.70 19.32 1.56
Car 0.00 0 1.73 793.66 308.69 1279.00 871.18 4.25 3.94 10.27 3.29 0.38 0.29 1.73
Car 0.00 0 1.56 720.65 546.88 746.39 575.96 1.99 1.77 4.44 6.93 1.52 47.15 1.56
Car 0.00 0 1.56 706.48 557.46 748.95 589.25 1.49 2.16 4.79 4.90 1.77 35.26 1.56