Car 0.00 0 1.57 768.57 558.29 825.97 592.81 1.49 2.16 4.79 8.21 1.77 33.10 1.57
Car 0.00 0 1.79 629.15 582.80 762.12 696.94 1.49 2.16 4.79 1.31 1.76 12.77 1.79
Car 0.00 0 1.61 736.40 568.75 786.49 611.41 1.38 1.48 2.21 4.56 1.82 23.86 1.61
Truck 0.00 0 -1.48 556.20 550.81 689.28 631.72 2.10 2.39 6.27 -0.29 1.46 20.82 -1.48
Motorcycle 0.00 0 1.59 851.53 560.68 874.01 604.69 1.65 0.77 2.35 9.16 1.71 26.28 1.59
Car 0.00 0 -1.57 583.39 541.41 679.36 597.61 2.43 2.35 6.37 -0.23 1.29 31.24 -1.57
Truck 0.00 0 1.89 841.01 568.62 1279.00 1079.00 2.10 2.39 6.27 3.80 1.46 5.88 1.89
Cyclist 0.00 0 1.56 872.71 553.52 888.22 579.64 1.61 0.87 1.51 15.51 1.70 41.27 1.56
Car 0.00 0 -1.59 731.54 551.49 770.96 571.57 1.51 2.13 4.90 9.34 1.75 53.42 -1.59
Car 0.00 0 1.56 868.78 552.39 900.88 575.68 1.54 2.04 4.97 18.33 1.75 47.80 1.56
Car 0.00 0 -1.58 722.46 556.55 771.04 585.03 1.48 1.97 3.81 6.35 1.77 37.76 -1.58
Car 0.00 0 1.56 847.34 555.20 896.13 591.64 1.65 2.15 5.03 12.39 1.70 34.01 1.56
Car 0.00 0 1.73 769.42 435.20 1010.93 690.57 4.25 3.94 10.27 5.47 0.38 16.11 1.73
Car 0.00 0 1.56 833.45 545.80 859.61 569.65 1.99 1.77 4.44 18.23 1.52 56.38 1.56
Car 0.00 0 1.56 809.03 553.69 849.12 577.68 1.49 2.16 4.79 13.44 1.77 45.31 1.56