Car 0.00 0 1.56 660.29 564.68 726.60 616.45 1.49 2.16 4.79 2.01 1.74 23.33 1.56
Car 0.00 0 1.58 570.31 595.04 771.96 776.31 1.49 2.16 4.79 0.53 1.76 9.26 1.58
Car 0.00 0 1.57 657.35 580.81 720.06 646.14 1.38 1.48 2.21 1.26 1.81 16.26 1.57
Motorcycle 0.00 0 1.59 898.34 602.80 1049.02 787.18 1.65 0.77 2.35 3.89 1.70 7.73 1.59
Car 0.00 0 0.02 926.34 527.30 1043.11 570.99 3.46 2.89 7.94 28.11 0.72 52.48 0.02
Car 0.00 0 1.16 715.26 551.94 735.94 572.34 1.53 0.87 2.19 6.78 1.73 50.63 1.16
Car 0.00 0 0.40 830.44 551.33 895.34 570.78 1.49 1.84 4.89 18.31 1.71 52.60 0.40
Cyclist 0.00 0 1.57 775.65 562.23 804.57 608.28 1.61 0.87 1.51 5.61 1.67 23.99 1.57
Car 0.00 0 -0.55 718.76 549.42 782.77 568.83 1.57 1.80 5.37 9.77 1.66 56.72 -0.55
Car 0.00 0 1.56 747.82 557.85 800.55 595.79 1.54 2.04 4.97 6.40 1.71 31.04 1.56
Car 0.00 0 1.56 774.56 569.13 902.52 659.23 1.65 2.15 5.03 4.72 1.68 16.07 1.56
Car 0.00 0 1.56 689.09 546.55 716.45 577.91 1.99 1.77 4.44 4.34 1.47 43.92 1.56
Car 0.00 0 1.56 675.23 558.35 722.28 593.93 1.49 2.16 4.79 2.98 1.73 31.93 1.56
Car 0.00 0 -2.27 689.07 549.82 729.77 567.18 1.50 1.85 3.63 6.43 1.68 59.13 -2.27