Car 0.00 0 1.56 659.77 565.32 726.18 617.18 1.49 2.16 4.79 1.99 1.76 23.29 1.56
Car 0.00 0 1.58 569.38 595.80 772.04 778.15 1.49 2.16 4.79 0.52 1.76 9.22 1.58
Car 0.00 0 1.57 656.84 581.50 719.68 647.00 1.38 1.48 2.21 1.25 1.82 16.22 1.57
Motorcycle 0.00 0 1.59 898.53 603.61 1050.00 788.68 1.65 0.77 2.35 3.88 1.71 7.71 1.59
Car 0.00 0 1.16 714.76 552.57 735.45 572.98 1.53 0.87 2.19 6.74 1.78 50.60 1.16
Car 0.00 0 0.10 881.66 551.96 950.75 571.04 1.49 1.84 4.89 22.71 1.76 52.75 0.10
Cyclist 0.00 0 1.56 768.42 560.43 793.14 601.00 1.61 0.87 1.51 5.92 1.69 26.98 1.56
Car 0.00 0 -0.51 725.50 550.08 790.62 569.66 1.57 1.80 5.37 10.35 1.71 56.31 -0.51
Car 0.00 0 1.55 742.19 555.33 782.79 585.47 1.54 2.04 4.97 7.17 1.74 37.89 1.55
Car 0.00 0 1.57 770.36 567.97 887.79 651.01 1.65 2.15 5.03 4.83 1.69 17.16 1.57
Car 0.00 0 1.56 688.58 547.17 715.96 578.55 1.99 1.77 4.44 4.30 1.51 43.89 1.56
Car 0.00 0 1.56 674.74 558.98 721.81 594.58 1.49 2.16 4.79 2.95 1.76 31.91 1.56
Car 0.00 0 -1.59 615.43 556.92 656.92 587.86 1.50 1.85 3.63 -0.16 1.74 35.26 -1.59