Car 0.00 0 1.56 659.77 565.32 726.18 617.18 1.49 2.16 4.79 1.99 1.76 23.29 1.56
Car 0.00 0 1.58 569.38 595.80 772.04 778.15 1.49 2.16 4.79 0.52 1.76 9.22 1.58
Car 0.00 0 1.57 656.84 581.50 719.68 647.00 1.38 1.48 2.21 1.25 1.82 16.22 1.57
Motorcycle 0.00 0 1.57 803.98 572.35 852.04 646.97 1.65 0.77 2.35 4.75 1.71 16.33 1.57
Car 0.00 0 0.68 757.64 551.41 783.58 570.19 1.53 0.87 2.19 11.28 1.78 55.26 0.68
Cyclist 0.00 0 1.56 759.68 557.26 779.93 591.22 1.61 0.87 1.51 6.48 1.69 32.00 1.56
Car 0.00 0 -0.03 858.73 550.85 931.73 570.80 1.57 1.80 5.37 21.17 1.71 53.27 -0.03
Car 0.00 0 1.00 764.49 551.94 817.60 574.84 1.54 2.04 4.97 11.60 1.74 48.94 1.00
Car 0.00 0 -2.26 669.85 549.33 686.74 567.41 1.62 0.58 1.66 3.58 1.70 59.73 -2.26
Car 0.00 0 1.56 753.76 560.14 825.70 612.13 1.65 2.15 5.03 5.69 1.69 24.97 1.56
Car 0.00 0 1.64 757.46 0.00 1279.00 1079.00 4.25 3.94 10.27 3.41 0.38 3.50 1.64
Car 0.00 0 1.56 689.15 546.96 715.86 577.72 1.99 1.77 4.44 4.42 1.51 44.92 1.56
Car 0.00 0 1.56 674.74 558.98 721.81 594.58 1.49 2.16 4.79 2.95 1.76 31.91 1.56
Car 0.00 0 -1.58 516.85 570.89 609.08 636.76 1.50 1.85 3.63 -2.09 1.74 18.41 -1.58