Car 0.00 0 1.56 659.77 565.32 726.18 617.18 1.49 2.16 4.79 1.99 1.76 23.29 1.56
Car 0.00 0 1.58 569.38 595.80 772.04 778.15 1.49 2.16 4.79 0.52 1.76 9.22 1.58
Car 0.00 0 1.57 656.84 581.50 719.68 647.00 1.38 1.48 2.21 1.25 1.82 16.22 1.57
Car 0.00 0 -1.58 485.80 567.95 611.37 650.36 1.65 2.15 5.03 -2.23 1.69 17.23 -1.58
Cyclist 0.00 0 -0.03 891.45 550.52 913.26 570.27 1.61 0.87 1.51 21.85 1.69 53.32 -0.03
Motorcycle 0.00 0 1.57 801.88 571.61 848.40 644.31 1.65 0.77 2.35 4.79 1.71 16.72 1.57
Car 0.00 0 -1.62 588.63 553.66 624.95 576.52 1.47 1.82 4.19 -2.34 1.77 46.07 -1.62
Cyclist 0.00 0 1.56 759.67 557.25 779.88 591.20 1.61 0.87 1.51 6.48 1.69 32.01 1.56
Car 0.00 0 -1.56 52.90 600.90 205.54 751.58 1.62 0.58 1.66 -6.66 1.70 8.47 -1.56
Car 0.00 0 1.56 753.76 560.14 825.70 612.13 1.65 2.15 5.03 5.69 1.69 24.97 1.56
Car 0.00 0 1.62 750.58 0.00 1279.00 1079.00 4.25 3.94 10.27 3.56 0.38 5.61 1.62
Car 0.00 0 1.56 694.33 545.51 714.99 569.13 1.99 1.77 4.44 5.83 1.51 57.46 1.56
Car 0.00 0 1.56 674.75 558.97 721.81 594.57 1.49 2.16 4.79 2.95 1.76 31.92 1.56