Car 0.00 0 -0.00 1062.63 564.19 1223.35 604.88 1.49 2.16 4.79 20.15 1.76 25.81 -0.00
Car 0.00 0 1.28 614.67 573.43 735.57 651.78 1.49 2.16 4.79 1.12 1.76 16.93 1.28
Car 0.00 0 1.56 623.38 563.78 657.20 597.37 1.38 1.48 2.21 0.01 1.82 29.13 1.56
Cyclist 0.00 0 -0.03 1082.08 564.64 1143.51 612.57 1.61 0.87 1.51 16.56 1.69 22.45 -0.03
Motorcycle 0.00 0 1.56 1192.97 696.87 1279.00 1079.00 1.65 0.77 2.35 3.50 1.71 2.43 1.56
Car 0.00 0 -0.17 882.39 566.64 949.35 612.05 1.52 0.80 2.04 9.74 1.73 22.67 -0.17
Cyclist 0.00 0 0.92 874.93 571.24 923.68 637.68 1.61 0.87 1.51 6.99 1.69 17.21 0.92
Car 0.00 0 3.13 1057.70 560.65 1164.63 588.93 1.39 1.99 4.18 24.81 1.82 33.81 3.13
Car 0.00 0 0.02 1256.11 566.51 1279.00 615.84 1.54 2.04 4.97 24.84 1.74 22.25 0.02
Car 0.00 0 1.45 795.79 583.57 1039.44 755.07 1.65 2.15 5.03 3.89 1.69 10.11 1.45
Car 0.00 0 3.14 1179.43 521.04 1279.00 589.38 3.46 2.89 7.94 33.75 0.77 33.90 3.14
Car 0.00 0 -1.58 577.65 519.49 626.41 569.19 4.25 3.94 10.27 -3.36 0.37 59.91 -1.58