Car 0.00 0 0.00 931.65 559.09 1054.26 592.34 1.49 2.16 4.79 17.13 1.72 31.23 0.00
Car 0.00 0 1.55 575.76 580.92 704.36 688.34 1.49 2.16 4.79 0.03 1.74 13.16 1.55
Car 0.00 0 1.56 622.76 564.26 658.72 600.06 1.38 1.48 2.21 0.03 1.78 27.48 1.56
Cyclist 0.00 0 -0.03 997.62 559.00 1044.12 597.26 1.61 0.87 1.51 16.58 1.65 27.89 -0.03
Motorcycle 0.00 0 1.56 860.63 601.52 1010.63 780.06 1.65 0.77 2.35 3.51 1.70 7.89 1.56
Car 0.00 0 -0.17 836.80 560.67 888.71 596.89 1.52 0.80 2.04 9.77 1.69 28.12 -0.17
Cyclist 0.00 0 0.92 818.01 563.09 856.98 612.32 1.61 0.87 1.51 7.01 1.66 22.67 0.92
Car 0.00 0 3.13 1001.82 556.95 1090.66 581.07 1.39 1.99 4.18 24.85 1.76 39.25 3.13
Car 0.00 0 0.02 1139.42 560.60 1279.00 599.40 1.54 2.04 4.97 24.86 1.70 27.69 0.02
Car 0.00 0 1.45 749.55 569.59 871.63 663.51 1.65 2.15 5.03 3.90 1.67 15.57 1.45
Car 0.00 0 3.14 1108.00 522.86 1277.40 581.38 3.46 2.89 7.94 33.78 0.71 39.33 3.14
Car 0.00 0 -0.00 1172.53 559.15 1279.00 592.22 1.49 2.16 4.79 29.33 1.72 31.30 -0.00