Car 0.00 0 0.12 815.76 558.31 919.65 588.59 1.49 2.16 4.79 12.16 1.76 34.34 0.12
Car 0.00 0 1.56 573.19 583.37 708.56 697.03 1.49 2.16 4.79 0.02 1.76 12.62 1.56
Car 0.00 0 1.56 622.17 566.59 660.21 604.59 1.38 1.48 2.21 0.05 1.82 26.02 1.56
Cyclist 0.00 0 -0.03 961.22 557.88 1001.66 592.01 1.61 0.87 1.51 16.61 1.69 31.16 -0.03
Motorcycle 0.00 0 1.56 802.57 585.84 889.61 701.92 1.65 0.77 2.35 3.52 1.71 11.17 1.56
Car 0.00 0 -0.17 817.19 559.39 862.86 591.70 1.52 0.80 2.04 9.79 1.73 31.39 -0.17
Cyclist 0.00 0 0.92 795.78 561.09 830.49 603.69 1.61 0.87 1.51 7.03 1.69 25.94 0.92
Car 0.00 0 3.13 975.32 556.55 1055.90 578.71 1.39 1.99 4.18 24.89 1.82 42.51 3.13
Car 0.00 0 0.02 1088.89 559.34 1224.41 593.75 1.54 2.04 4.97 24.89 1.74 30.95 0.02
Car 0.00 0 1.45 733.37 565.85 825.38 639.30 1.65 2.15 5.03 3.92 1.69 18.85 1.45
Car 0.00 0 1.56 809.27 318.18 1279.00 859.62 4.25 3.94 10.27 3.37 0.38 -0.11 1.56
Car 0.00 0 3.14 1073.94 525.09 1227.58 578.97 3.46 2.89 7.94 33.81 0.77 42.59 3.14
Car 0.00 0 -0.00 1086.69 558.30 1207.04 587.95 1.49 2.16 4.79 27.25 1.76 34.54 -0.00