Car 0.00 0 1.54 641.23 556.30 682.70 587.38 1.49 2.16 4.79 1.29 1.72 35.78 1.54
Car 0.00 0 1.56 591.55 580.68 718.50 686.92 1.49 2.16 4.79 0.34 1.75 13.30 1.56
Car 0.00 0 1.56 639.61 567.82 680.76 609.14 1.38 1.48 2.21 0.77 1.79 24.15 1.56
Cyclist 0.00 0 -0.03 869.76 550.78 893.69 572.49 1.61 0.87 1.51 18.32 1.63 48.53 -0.03
Motorcycle 0.00 0 1.56 744.80 563.28 776.86 615.56 1.65 0.77 2.35 4.20 1.68 22.38 1.56
Car 0.00 0 -0.17 776.62 551.73 804.40 572.16 1.52 0.80 2.04 11.52 1.67 49.03 -0.17
Cyclist 0.00 0 1.11 734.65 552.57 755.72 579.07 1.61 0.87 1.51 6.77 1.64 41.13 1.11
Car 0.00 0 -1.58 451.87 559.39 523.41 605.29 1.62 1.85 3.99 -6.16 1.67 26.33 -1.58
Car 0.00 0 0.02 954.36 551.84 1035.85 573.47 1.54 2.04 4.97 26.57 1.68 48.00 0.02
Car 0.00 0 1.55 707.56 555.12 759.25 593.15 1.65 2.15 5.03 4.63 1.65 32.44 1.55
Car 0.00 0 1.57 721.48 135.69 1279.00 1079.00 4.25 3.94 10.27 3.50 0.37 8.04 1.57
Car 0.00 0 0.91 685.49 552.11 744.70 574.31 1.49 2.16 4.79 5.71 1.71 48.24 0.91