Car 0.00 0 1.07 655.60 558.17 728.34 590.83 1.49 2.16 4.79 2.90 1.80 34.60 1.07
Car 0.00 0 1.56 576.04 583.67 709.42 695.29 1.49 2.16 4.79 0.06 1.78 12.78 1.56
Car 0.00 0 1.56 622.38 569.66 664.55 612.41 1.38 1.48 2.21 0.13 1.84 23.59 1.56
Cyclist 0.00 0 -0.03 913.49 555.74 946.25 584.33 1.61 0.87 1.51 16.76 1.73 37.04 -0.03
Motorcycle 0.00 0 1.56 752.65 571.70 799.65 642.57 1.65 0.77 2.35 3.58 1.72 17.06 1.56
Car 0.00 0 -0.17 792.19 557.03 829.72 584.06 1.52 0.80 2.04 9.95 1.77 37.30 -0.17
Car 0.00 0 0.00 1218.66 556.59 1266.18 581.45 1.53 0.87 2.19 38.02 1.82 40.41 0.00
Cyclist 0.00 0 0.92 769.15 557.94 798.15 592.19 1.61 0.87 1.51 7.16 1.72 31.86 0.92
Car 0.00 0 -0.00 1187.32 556.36 1279.00 585.16 1.57 1.80 5.37 35.00 1.75 36.89 -0.00
Car 0.00 0 3.13 939.49 555.27 1008.63 574.62 1.39 1.99 4.18 25.18 1.87 48.35 3.13
Car 0.00 0 0.02 1021.91 557.00 1131.95 585.58 1.54 2.04 4.97 25.04 1.78 36.79 0.02
Car 0.00 0 1.45 715.77 560.91 778.38 613.39 1.65 2.15 5.03 4.02 1.72 24.78 1.45
Car 0.00 0 1.56 723.84 0.00 1279.00 1079.00 4.25 3.94 10.27 3.39 0.38 5.85 1.56
Car 0.00 0 3.14 1025.91 527.62 1157.84 574.82 3.46 2.89 7.94 34.02 0.82 48.39 3.14
Car 0.00 0 0.01 897.11 556.40 989.36 581.54 1.49 2.16 4.79 19.04 1.80 40.35 0.01