Car 0.00 0 1.16 646.33 558.25 714.53 591.12 1.49 2.16 4.79 2.27 1.80 34.44 1.16
Car 0.00 0 1.56 580.02 582.37 706.76 687.26 1.49 2.16 4.79 0.07 1.78 13.32 1.56
Car 0.00 0 1.56 623.30 569.49 665.15 611.88 1.38 1.48 2.21 0.16 1.85 23.76 1.56
Cyclist 0.00 0 -0.03 907.32 555.36 939.06 583.17 1.61 0.87 1.51 16.82 1.73 38.04 -0.03
Motorcycle 0.00 0 1.56 747.97 570.17 791.61 636.84 1.65 0.77 2.35 3.61 1.72 18.00 1.56
Car 0.00 0 -0.17 789.17 556.61 825.60 582.91 1.52 0.80 2.04 10.00 1.77 38.31 -0.17
Car 0.00 0 0.00 1206.18 556.21 1252.35 580.47 1.53 0.87 2.19 38.08 1.82 41.37 0.00
Cyclist 0.00 0 0.92 766.06 557.43 794.27 590.57 1.61 0.87 1.51 7.21 1.72 32.87 0.92
Car 0.00 0 -0.00 1174.48 555.96 1279.00 583.98 1.57 1.80 5.37 35.05 1.75 37.86 -0.00
Car 0.00 0 3.13 934.66 554.98 1002.19 573.93 1.39 1.99 4.18 25.27 1.87 49.34 3.13
Car 0.00 0 0.02 1012.88 556.61 1119.53 584.40 1.54 2.04 4.97 25.08 1.78 37.78 0.02
Car 0.00 0 1.45 713.43 560.20 773.25 610.21 1.65 2.15 5.03 4.06 1.72 25.80 1.45
Car 0.00 0 1.56 718.96 0.00 1279.00 1079.00 4.25 3.94 10.27 3.40 0.38 6.69 1.56
Car 0.00 0 3.14 1019.41 527.88 1148.32 574.12 3.46 2.89 7.94 34.09 0.83 49.36 3.14
Car 0.00 0 0.01 875.16 556.03 964.01 580.55 1.49 2.16 4.79 17.98 1.81 41.33 0.01