Car 0.00 0 0.23 788.45 556.96 888.91 587.21 1.49 2.16 4.79 10.77 1.71 34.83 0.23
Car 0.00 0 1.56 571.24 583.27 710.90 701.04 1.49 2.16 4.79 0.02 1.74 12.31 1.56
Car 0.00 0 1.56 621.99 566.13 660.84 604.92 1.38 1.48 2.21 0.06 1.78 25.51 1.56
Cyclist 0.00 0 -0.03 954.90 556.51 994.34 589.91 1.61 0.87 1.51 16.62 1.64 31.82 -0.03
Motorcycle 0.00 0 1.56 794.55 582.52 874.30 690.82 1.65 0.77 2.35 3.52 1.69 11.83 1.56
Car 0.00 0 -0.17 813.85 557.99 858.45 589.61 1.52 0.80 2.04 9.81 1.68 32.06 -0.17
Cyclist 0.00 0 0.92 792.10 559.58 826.07 601.05 1.61 0.87 1.51 7.04 1.65 26.61 0.92
Car 0.00 0 -0.00 1271.25 557.14 1279.00 590.91 1.57 1.80 5.37 34.87 1.66 31.74 -0.00
Car 0.00 0 3.13 970.60 555.30 1049.72 577.10 1.39 1.99 4.18 24.91 1.75 43.17 3.13
Car 0.00 0 0.02 1080.07 557.96 1212.21 591.58 1.54 2.04 4.97 24.90 1.69 31.61 0.02
Car 0.00 0 1.45 730.82 564.08 818.37 634.40 1.65 2.15 5.03 3.92 1.66 19.51 1.45
Car 0.00 0 1.56 797.89 295.78 1279.00 890.69 4.25 3.94 10.27 3.37 0.38 0.56 1.56
Car 0.00 0 3.14 1067.83 524.31 1218.75 577.36 3.46 2.89 7.94 33.83 0.70 43.24 3.14
Car 0.00 0 -0.00 1060.57 556.96 1177.03 586.03 1.49 2.16 4.79 26.23 1.71 35.19 -0.00