Car 0.00 0 -0.00 962.61 570.84 1073.86 643.99 1.49 2.16 4.79 10.65 1.73 17.84 -0.00
Car 0.00 0 0.01 840.76 588.95 1046.01 743.14 1.49 2.16 4.79 5.15 1.74 10.43 0.01
Cyclist 0.00 0 -0.03 1190.98 605.15 1279.00 772.18 1.61 0.87 1.51 7.26 1.68 7.72 -0.03
Car 0.00 0 -0.17 1265.76 721.12 1279.00 1079.00 1.52 0.80 2.04 2.97 1.73 2.42 -0.17
Car 0.00 0 0.89 933.87 551.40 963.80 572.39 1.53 0.87 2.19 23.99 1.68 49.76 0.89
Car 0.00 0 -0.00 1132.51 562.81 1210.41 621.00 1.57 1.80 5.37 18.31 1.68 22.25 -0.00
Car 0.00 0 -2.67 0.00 654.16 55.01 1079.00 1.39 1.99 4.18 -6.68 1.80 3.95 -2.67
Car 0.00 0 0.02 1134.96 575.94 1279.00 677.81 1.54 2.04 4.97 12.42 1.72 14.21 0.02
Car 0.00 0 1.57 1119.24 553.61 1218.16 576.14 1.41 2.03 5.36 37.71 1.74 45.87 1.57
Car 0.00 0 1.90 1105.21 538.17 1228.80 579.32 2.56 1.99 5.92 34.25 1.17 41.81 1.90
Car 0.00 0 3.14 517.16 493.44 771.48 655.72 3.46 2.89 7.94 0.58 0.73 17.70 3.14
Car 0.00 0 -0.00 1007.17 562.98 1085.08 612.10 1.49 2.16 4.79 15.63 1.72 24.51 -0.00