Truck 0.00 0 -1.58 685.21 544.35 719.23 570.71 2.10 2.39 6.27 5.48 1.45 55.58 -1.58
Motorcycle 0.00 0 1.59 845.13 580.41 909.86 679.73 1.65 0.77 2.35 4.69 1.71 12.80 1.59
Car 0.00 0 1.56 712.12 557.57 750.91 592.98 1.55 1.79 3.71 4.68 1.73 32.39 1.56
Car 0.00 0 1.56 711.76 564.72 736.79 607.44 1.53 0.87 2.19 3.35 1.78 25.28 1.56
Cyclist 0.00 0 1.56 797.31 559.10 819.68 597.06 1.61 0.87 1.51 7.57 1.69 28.83 1.56
Car 0.00 0 1.56 778.78 556.15 821.94 588.38 1.54 2.04 4.97 8.88 1.74 35.81 1.56
Car 0.00 0 -1.58 529.52 564.91 602.12 601.70 1.30 1.89 4.72 -3.18 1.86 28.50 -1.58
Car 0.00 0 1.55 717.06 525.44 762.38 577.94 3.46 2.89 7.94 7.35 0.77 46.38 1.55
Car 0.00 0 1.56 789.09 563.43 874.21 627.69 1.65 2.15 5.03 6.13 1.69 21.05 1.56
Car 0.00 0 1.58 671.49 556.35 745.10 642.83 1.99 1.77 4.44 2.03 1.51 17.93 1.58
Car 0.00 0 1.63 567.89 597.06 778.85 789.43 1.49 2.16 4.79 0.60 1.76 8.94 1.63