Truck 0.00 0 -1.58 651.36 546.71 701.63 584.33 2.10 2.39 6.27 2.40 1.50 40.05 -1.58
Motorcycle 0.00 0 1.59 848.32 582.63 917.51 686.75 1.65 0.77 2.35 4.60 1.72 12.30 1.59
Car 0.00 0 -1.58 617.11 541.66 663.86 577.28 2.43 2.35 6.37 0.14 1.34 47.22 -1.58
Car 0.00 0 1.56 720.90 554.61 750.26 580.72 1.55 1.79 3.71 6.31 1.77 41.98 1.56
Car 0.00 0 1.56 720.41 560.11 739.39 592.84 1.53 0.87 2.19 4.57 1.82 32.43 1.56
Car 0.00 0 0.50 847.82 552.00 908.35 570.27 1.49 1.84 4.89 20.78 1.82 55.88 0.50
Cyclist 0.00 0 1.56 795.79 560.14 818.68 598.79 1.61 0.87 1.51 7.39 1.72 28.34 1.56
Car 0.00 0 1.56 776.46 557.08 820.47 589.81 1.54 2.04 4.97 8.66 1.78 35.34 1.56
Car 0.00 0 -1.54 106.55 597.11 401.74 723.97 1.30 1.89 4.72 -6.25 1.87 11.22 -1.54
Car 0.00 0 1.02 740.72 529.19 813.45 570.62 3.46 2.89 7.94 12.41 0.84 57.42 1.02
Car 0.00 0 -1.58 687.52 551.99 713.63 570.20 1.48 1.97 3.81 5.37 1.83 56.39 -1.58
Car 0.00 0 1.56 788.07 564.65 876.32 630.81 1.65 2.15 5.03 5.99 1.72 20.56 1.56
Car 0.00 0 1.73 771.02 202.32 1279.00 972.00 4.25 3.94 10.27 3.31 0.37 1.59 1.73
Car 0.00 0 1.57 679.59 555.43 744.90 631.61 1.99 1.77 4.44 2.36 1.53 20.02 1.57
Car 0.00 0 1.61 593.49 591.47 767.20 745.83 1.49 2.16 4.79 0.80 1.78 10.34 1.61