Car 0.00 0 -3.07 777.76 552.51 862.12 578.45 1.65 2.15 5.03 12.05 1.69 43.05 -3.07
Cyclist 0.00 0 -1.58 594.67 550.03 605.78 569.28 1.61 0.87 1.51 -3.42 1.68 55.17 -1.58
Car 0.00 0 -0.00 1266.88 519.78 1279.00 592.41 3.46 2.89 7.94 36.73 0.77 32.01 -0.00
Car 0.00 0 3.14 961.86 554.78 1038.70 577.61 1.47 1.82 4.19 24.39 1.76 43.42 3.14
Car 0.00 0 1.13 663.69 562.27 700.39 600.63 1.53 0.87 2.19 1.86 1.78 28.00 1.13
Car 0.00 0 0.02 1031.54 559.39 1155.21 592.25 1.49 1.84 4.89 22.45 1.75 31.81 0.02
Cyclist 0.00 0 1.56 837.68 596.82 938.69 729.79 1.61 0.87 1.51 3.50 1.69 9.18 1.56
Car 0.00 0 -0.13 811.38 557.88 930.99 591.66 1.57 1.80 5.37 11.47 1.71 32.08 -0.13
Car 0.00 0 3.12 1160.81 556.12 1248.63 577.87 1.39 1.99 4.18 38.25 1.81 43.43 3.12
Car 0.00 0 1.27 731.45 564.39 802.33 618.72 1.54 2.04 4.97 4.66 1.73 22.91 1.27
Car 0.00 0 -2.64 664.74 553.57 691.94 580.38 1.62 0.58 1.66 2.44 1.70 40.60 -2.64
Car 0.00 0 1.56 985.03 664.25 1279.00 1079.00 1.65 2.15 5.03 3.50 1.69 1.98 1.56
Car 0.00 0 1.56 610.01 554.33 671.29 626.42 1.99 1.77 4.44 0.02 1.51 20.75 1.56
Car 0.00 0 1.56 530.33 598.76 749.97 794.56 1.49 2.16 4.79 0.00 1.76 8.70 1.56
Car 0.00 0 -1.58 0.00 720.67 168.52 1079.00 1.50 1.85 3.63 -3.50 1.74 1.68 -1.58