Car 0.00 0 -1.78 528.04 558.04 609.53 602.83 1.65 2.15 5.03 -3.00 1.69 28.23 -1.78
Cyclist 0.00 0 -1.16 601.17 553.54 623.23 580.17 1.61 0.87 1.51 -1.77 1.69 40.44 -1.16
Car 0.00 0 -3.04 736.28 554.96 805.59 578.24 1.47 1.82 4.19 8.74 1.76 42.87 -3.04
Car 0.00 0 -0.00 964.28 558.02 1012.37 586.50 1.53 0.87 2.19 19.27 1.78 35.43 -0.00
Cyclist 0.00 0 1.56 837.56 596.88 938.38 729.56 1.61 0.87 1.51 3.50 1.69 9.18 1.56
Car 0.00 0 -0.00 1105.73 557.87 1243.11 591.53 1.57 1.80 5.37 26.58 1.71 31.95 -0.00
Car 0.00 0 3.12 979.84 556.15 1058.96 577.82 1.39 1.99 4.18 25.68 1.81 43.42 3.12
Car 0.00 0 0.44 845.66 558.74 954.54 595.66 1.54 2.04 4.97 12.55 1.74 30.85 0.44
Car 0.00 0 -1.63 437.41 563.94 469.55 613.41 1.62 0.58 1.66 -6.62 1.70 22.78 -1.63
Car 0.00 0 1.56 975.78 660.31 1279.00 1079.00 1.65 2.15 5.03 3.50 1.69 2.10 1.56
Car 0.00 0 1.56 616.63 551.65 664.61 607.73 1.99 1.77 4.44 0.03 1.51 25.89 1.56
Car 0.00 0 1.56 530.36 598.75 749.94 794.48 1.49 2.16 4.79 0.00 1.76 8.70 1.56