Car 0.00 0 -2.31 608.96 553.99 694.00 586.84 1.65 2.15 5.03 0.74 1.69 36.92 -2.31
Cyclist 0.00 0 -1.44 588.98 552.05 603.25 575.57 1.61 0.87 1.51 -3.14 1.68 45.61 -1.44
Car 0.00 0 -3.12 820.84 554.76 892.05 577.80 1.47 1.82 4.19 14.60 1.76 43.31 -3.12
Car 0.00 0 0.20 815.64 558.01 860.78 587.50 1.53 0.87 2.19 10.83 1.78 35.00 0.20
Car 0.00 0 0.00 1229.42 558.98 1279.00 592.04 1.49 1.84 4.89 32.73 1.75 31.97 0.00
Cyclist 0.00 0 1.56 837.63 596.90 938.51 729.64 1.61 0.87 1.51 3.50 1.69 9.18 1.56
Car 0.00 0 -0.01 1005.82 557.95 1137.70 591.56 1.57 1.80 5.37 21.45 1.71 31.93 -0.01
Car 0.00 0 3.14 1012.19 556.03 1092.74 577.90 1.39 1.99 4.18 27.93 1.81 43.44 3.14
Car 0.00 0 0.88 771.08 560.56 863.24 603.32 1.54 2.04 4.97 7.78 1.73 27.75 0.88
Car 0.00 0 -1.96 518.26 557.28 546.99 592.72 1.62 0.58 1.66 -5.27 1.70 31.51 -1.96
Car 0.00 0 1.56 975.78 660.31 1279.00 1079.00 1.65 2.15 5.03 3.50 1.69 2.10 1.56
Car 0.00 0 1.56 615.12 552.53 666.20 611.64 1.99 1.77 4.44 0.03 1.51 24.46 1.56
Car 0.00 0 1.56 530.36 598.75 749.94 794.48 1.49 2.16 4.79 0.00 1.76 8.70 1.56