Car 0.00 0 -1.69 517.53 559.21 598.64 608.24 1.65 2.15 5.03 -3.20 1.69 26.20 -1.69
Cyclist 0.00 0 -1.08 608.03 553.92 632.28 581.25 1.61 0.87 1.51 -1.23 1.69 39.41 -1.08
Car 0.00 0 -2.98 715.54 554.94 785.04 578.66 1.47 1.82 4.19 7.31 1.76 42.61 -2.98
Car 0.00 0 -0.01 993.03 557.98 1041.88 586.56 1.53 0.87 2.19 20.88 1.78 35.44 -0.01
Cyclist 0.00 0 1.56 837.56 596.88 938.38 729.56 1.61 0.87 1.51 3.50 1.69 9.18 1.56
Car 0.00 0 -0.01 1133.13 557.72 1272.34 591.84 1.57 1.80 5.37 28.00 1.71 31.96 -0.01
Car 0.00 0 3.12 979.84 556.16 1058.96 577.83 1.39 1.99 4.18 25.68 1.81 43.42 3.12
Car 0.00 0 0.31 868.10 558.82 982.02 594.27 1.54 2.04 4.97 13.87 1.73 31.18 0.31
Car 0.00 0 -1.63 416.65 565.91 452.99 619.83 1.62 0.58 1.66 -6.71 1.70 21.01 -1.63
Car 0.00 0 1.56 975.78 660.31 1279.00 1079.00 1.65 2.15 5.03 3.50 1.69 2.10 1.56
Car 0.00 0 1.56 616.75 551.61 664.62 607.59 1.99 1.77 4.44 0.03 1.51 25.95 1.56
Car 0.00 0 1.56 530.41 598.73 749.89 794.38 1.49 2.16 4.79 0.00 1.76 8.70 1.56