Car 0.00 0 -1.58 24.77 596.76 482.12 878.64 1.65 2.15 5.03 -3.50 1.69 7.27 -1.58
Cyclist 0.00 0 -0.17 810.68 557.25 843.68 589.75 1.61 0.87 1.51 9.49 1.69 32.49 -0.17
Car 0.00 0 -2.31 553.49 557.15 629.24 586.65 1.47 1.82 4.19 -2.71 1.76 36.36 -2.31
Car 0.00 0 -0.00 1255.22 557.94 1279.00 586.45 1.53 0.87 2.19 35.64 1.78 35.51 -0.00
Cyclist 0.00 0 1.56 837.52 596.87 938.31 729.52 1.61 0.87 1.51 3.50 1.69 9.18 1.56
Car 0.00 0 -0.00 1264.89 557.93 1279.00 591.43 1.57 1.80 5.37 34.79 1.71 32.00 -0.00
Car 0.00 0 3.13 971.83 556.16 1050.52 577.82 1.39 1.99 4.18 25.12 1.81 43.42 3.13
Car 0.00 0 0.02 1075.62 558.36 1206.58 592.77 1.54 2.04 4.97 24.84 1.74 31.85 0.02
Car 0.00 0 1.56 975.78 660.31 1279.00 1079.00 1.65 2.15 5.03 3.50 1.69 2.10 1.56
Car 0.00 0 1.56 620.52 550.09 660.90 596.91 1.99 1.77 4.44 0.03 1.51 30.35 1.56
Car 0.00 0 1.56 530.45 598.72 749.86 794.30 1.49 2.16 4.79 0.00 1.76 8.71 1.56