Car 0.00 0 1.56 524.10 600.89 757.83 811.35 1.49 2.16 4.79 0.03 1.76 8.32 1.56
Car 0.00 0 3.13 976.49 553.81 1014.01 571.57 1.38 1.48 2.21 28.68 1.82 51.71 3.13
Car 0.00 0 3.13 863.86 549.86 932.09 569.76 1.65 2.15 5.03 22.22 1.69 55.27 3.13
Truck 0.00 0 1.56 609.91 548.89 676.58 609.90 2.10 2.39 6.27 0.14 1.46 26.07 1.56
Car 0.00 0 -1.58 259.05 496.45 482.76 654.00 3.46 2.89 7.94 -6.90 0.77 18.05 -1.58
Cyclist 0.00 0 -0.01 894.84 551.62 919.61 573.39 1.61 0.87 1.51 20.16 1.69 48.29 -0.01
Car 0.00 0 0.12 207.37 545.97 284.63 574.38 2.04 2.07 4.48 -29.51 1.49 48.06 0.12
Car 0.00 0 1.56 728.80 578.48 840.06 650.50 1.39 1.99 4.18 3.58 1.82 16.66 1.56
Car 0.00 0 -3.09 873.51 551.50 928.10 571.30 1.55 1.79 3.71 21.20 1.73 52.10 -3.09
Car 0.00 0 1.56 672.10 487.09 805.06 615.75 4.25 3.94 10.27 3.52 0.38 26.30 1.56
Car 0.00 0 1.56 603.30 574.10 682.42 646.81 1.50 1.85 3.63 0.08 1.74 16.74 1.56