Car 0.00 0 1.75 633.52 580.38 759.68 685.29 1.49 2.16 4.79 1.41 1.76 13.61 1.75
Car 0.00 0 1.86 595.60 629.78 759.84 821.08 1.38 1.48 2.21 0.42 1.82 6.88 1.86
Motorcycle 0.00 0 1.59 844.51 561.43 866.91 607.48 1.65 0.77 2.35 8.52 1.71 25.21 1.59
Car 0.00 0 1.56 803.07 552.75 835.05 577.17 1.55 1.79 3.71 12.73 1.73 45.37 1.56
Car 0.00 0 1.56 794.38 556.61 814.22 584.18 1.53 0.87 2.19 9.78 1.78 38.05 1.56
Cyclist 0.00 0 1.56 861.84 553.73 877.36 580.46 1.61 0.87 1.51 14.49 1.69 40.36 1.56
Car 0.00 0 1.56 857.04 552.51 888.88 576.26 1.54 2.04 4.97 17.14 1.74 46.96 1.56
Car 0.00 0 -1.58 662.00 558.07 713.75 582.63 1.30 1.89 4.72 3.08 1.86 40.18 -1.58
Car 0.00 0 1.56 837.87 555.54 886.67 593.22 1.65 2.15 5.03 11.54 1.69 33.02 1.56
Car 0.00 0 1.81 755.34 289.23 1279.00 893.34 4.25 3.94 10.27 4.02 0.38 9.86 1.81
Car 0.00 0 1.58 756.70 550.00 808.04 596.51 1.99 1.77 4.44 6.91 1.51 30.76 1.58
Car 0.00 0 1.63 702.48 566.29 785.88 621.82 1.49 2.16 4.79 3.75 1.76 22.23 1.63