Car 0.00 0 1.56 590.85 579.36 708.39 676.52 1.49 2.16 4.79 0.23 1.76 14.18 1.56
Car 0.00 0 1.57 570.84 628.27 729.93 810.41 1.38 1.48 2.21 0.11 1.82 7.07 1.57
Car 0.00 0 0.01 943.04 525.99 1078.52 576.53 3.46 2.89 7.94 26.20 0.78 45.49 0.01
Car 0.00 0 1.16 666.95 555.14 691.40 580.13 1.53 0.87 2.19 2.57 1.78 41.79 1.16
Car 0.00 0 0.39 801.80 553.88 876.13 577.28 1.49 1.84 4.89 13.92 1.76 44.78 0.39
Cyclist 0.00 0 1.57 773.89 575.61 825.44 650.81 1.61 0.87 1.51 3.76 1.69 15.17 1.57
Car 0.00 0 -0.55 669.67 551.79 744.66 574.87 1.57 1.80 5.37 5.01 1.71 48.12 -0.55
Car 0.00 0 0.00 1146.04 552.78 1181.91 575.77 1.59 0.87 1.82 37.06 1.71 45.28 0.00
Car 0.00 0 1.56 715.56 564.92 795.66 619.29 1.54 2.04 4.97 3.93 1.74 22.65 1.56
Car 0.00 0 1.56 808.02 597.17 1272.91 886.86 1.65 2.15 5.03 3.57 1.69 7.18 1.56
Car 0.00 0 1.56 635.89 548.92 670.66 589.10 1.99 1.77 4.44 0.73 1.51 34.90 1.56
Car 0.00 0 1.56 617.96 565.85 685.70 618.61 1.49 2.16 4.79 0.43 1.76 22.84 1.56
Car 0.00 0 -1.61 567.46 557.52 610.88 589.31 1.50 1.85 3.63 -2.66 1.74 34.20 -1.61