Car 0.00 0 1.56 590.85 579.36 708.39 676.52 1.49 2.16 4.79 0.23 1.76 14.18 1.56
Car 0.00 0 1.57 570.84 628.27 729.93 810.41 1.38 1.48 2.21 0.11 1.82 7.07 1.57
Car 0.00 0 -2.82 699.76 549.75 763.20 569.82 1.65 2.15 5.03 7.95 1.69 55.68 -2.82
Motorcycle 0.00 0 1.57 897.32 610.98 1088.04 827.17 1.65 0.77 2.35 3.58 1.71 6.82 1.57
Car 0.00 0 0.77 708.75 553.47 737.99 576.27 1.53 0.87 2.19 6.05 1.78 46.34 0.77
Car 0.00 0 0.01 978.94 553.84 1063.43 576.17 1.49 1.84 4.89 26.99 1.76 45.41 0.01
Cyclist 0.00 0 1.56 734.01 563.58 763.92 611.10 1.61 0.87 1.51 3.94 1.69 23.24 1.56
Car 0.00 0 -0.04 823.79 552.72 907.74 575.78 1.57 1.80 5.37 16.07 1.71 45.74 -0.04
Car 0.00 0 1.05 723.69 554.52 783.46 582.89 1.54 2.04 4.97 7.18 1.74 40.06 1.05
Car 0.00 0 -2.33 620.83 550.82 640.97 571.97 1.62 0.58 1.66 -0.72 1.70 51.35 -2.33
Car 0.00 0 1.56 734.34 569.71 864.97 658.27 1.65 2.15 5.03 3.77 1.69 16.17 1.56
Car 0.00 0 1.56 636.29 548.66 670.38 588.31 1.99 1.77 4.44 0.75 1.51 35.55 1.56
Car 0.00 0 1.56 617.97 565.84 685.69 618.59 1.49 2.16 4.79 0.43 1.76 22.85 1.56
Car 0.00 0 -1.58 301.31 593.27 509.11 734.97 1.50 1.85 3.63 -3.38 1.74 10.02 -1.58