Car 0.00 0 1.56 590.85 579.36 708.39 676.52 1.49 2.16 4.79 0.23 1.76 14.18 1.56
Car 0.00 0 1.57 570.84 628.27 729.93 810.41 1.38 1.48 2.21 0.11 1.82 7.07 1.57
Car 0.00 0 -1.63 570.39 553.80 618.82 586.06 1.65 2.15 5.03 -2.57 1.69 37.60 -1.63
Cyclist 0.00 0 -0.91 642.33 550.67 662.75 571.18 1.61 0.87 1.51 1.01 1.69 51.90 -0.91
Motorcycle 0.00 0 1.57 868.61 602.58 1018.87 781.84 1.65 0.77 2.35 3.60 1.71 7.87 1.57
Car 0.00 0 -2.90 693.01 551.45 745.40 569.25 1.47 1.82 4.19 6.93 1.77 56.17 -2.90
Car 0.00 0 -0.01 943.05 553.09 977.44 573.59 1.53 0.87 2.19 24.53 1.78 49.04 -0.01
Cyclist 0.00 0 1.56 734.00 563.58 763.89 611.09 1.61 0.87 1.51 3.94 1.69 23.25 1.56
Car 0.00 0 -0.01 1011.43 552.72 1104.06 576.05 1.57 1.80 5.37 29.59 1.71 45.44 -0.01
Car 0.00 0 0.20 834.07 553.19 914.26 576.88 1.54 2.04 4.97 16.51 1.74 45.21 0.20
Car 0.00 0 -1.60 508.13 557.16 527.35 591.29 1.62 0.58 1.66 -6.15 1.70 32.27 -1.60
Car 0.00 0 1.56 734.34 569.71 864.97 658.28 1.65 2.15 5.03 3.77 1.69 16.17 1.56
Car 0.00 0 1.56 638.86 547.63 668.39 581.86 1.99 1.77 4.44 0.87 1.51 40.69 1.56
Car 0.00 0 1.56 617.98 565.84 685.69 618.57 1.49 2.16 4.79 0.43 1.76 22.85 1.56