Car 0.00 0 1.56 590.85 579.36 708.39 676.52 1.49 2.16 4.79 0.23 1.76 14.18 1.56
Car 0.00 0 1.57 570.84 628.27 729.93 810.41 1.38 1.48 2.21 0.11 1.82 7.07 1.57
Car 0.00 0 -1.82 582.01 552.22 635.40 579.88 1.65 2.15 5.03 -2.01 1.69 43.04 -1.82
Cyclist 0.00 0 -1.17 623.30 550.03 639.64 569.55 1.61 0.87 1.51 -0.74 1.69 54.97 -1.17
Motorcycle 0.00 0 1.57 868.61 602.58 1018.87 781.84 1.65 0.77 2.35 3.60 1.71 7.87 1.57
Car 0.00 0 -3.06 732.07 551.42 783.71 568.68 1.47 1.82 4.19 10.44 1.77 56.87 -3.06
Car 0.00 0 -0.00 880.89 553.11 913.98 573.48 1.53 0.87 2.19 19.75 1.78 49.13 -0.00
Cyclist 0.00 0 1.56 734.00 563.58 763.90 611.09 1.61 0.87 1.51 3.94 1.69 23.25 1.56
Car 0.00 0 -0.00 975.61 552.67 1066.59 576.02 1.57 1.80 5.37 27.02 1.71 45.48 -0.00
Car 0.00 0 0.47 790.57 553.27 866.29 577.79 1.54 2.04 4.97 13.13 1.74 44.58 0.47
Car 0.00 0 -1.63 532.84 554.73 549.14 583.83 1.62 0.58 1.66 -5.81 1.70 37.65 -1.63
Car 0.00 0 1.56 734.34 569.71 864.97 658.28 1.65 2.15 5.03 3.77 1.69 16.17 1.56
Car 0.00 0 1.56 638.53 547.80 668.57 582.49 1.99 1.77 4.44 0.86 1.51 40.03 1.56
Car 0.00 0 1.56 617.98 565.84 685.69 618.58 1.49 2.16 4.79 0.43 1.76 22.85 1.56