Car 0.00 0 1.56 590.85 579.36 708.39 676.52 1.49 2.16 4.79 0.23 1.76 14.18 1.56
Car 0.00 0 1.57 570.84 628.27 729.93 810.41 1.38 1.48 2.21 0.11 1.82 7.07 1.57
Car 0.00 0 -1.94 589.71 551.57 646.74 577.97 1.65 2.15 5.03 -1.45 1.69 45.20 -1.94
Cyclist 0.00 0 -1.28 619.12 549.86 633.17 568.77 1.61 0.87 1.51 -1.23 1.69 56.34 -1.28
Motorcycle 0.00 0 1.57 868.61 602.58 1018.87 781.84 1.65 0.77 2.35 3.60 1.71 7.87 1.57
Car 0.00 0 -3.09 751.21 551.39 802.99 568.59 1.47 1.82 4.19 12.17 1.77 56.99 -3.09
Car 0.00 0 0.01 852.09 553.08 884.68 573.49 1.53 0.87 2.19 17.53 1.78 49.16 0.01
Car 0.00 0 -0.00 1143.85 553.96 1235.87 576.19 1.49 1.84 4.89 38.83 1.76 45.27 -0.00
Cyclist 0.00 0 1.56 734.00 563.58 763.90 611.09 1.61 0.87 1.51 3.94 1.69 23.25 1.56
Car 0.00 0 -0.01 950.03 552.68 1039.87 575.99 1.57 1.80 5.37 25.18 1.71 45.52 -0.01
Car 0.00 0 0.58 774.06 553.53 847.59 578.17 1.54 2.04 4.97 11.77 1.74 44.00 0.58
Car 0.00 0 -1.69 541.15 553.97 557.50 581.30 1.62 0.58 1.66 -5.64 1.70 39.87 -1.69
Car 0.00 0 1.56 734.34 569.71 864.97 658.28 1.65 2.15 5.03 3.77 1.69 16.17 1.56
Car 0.00 0 1.56 638.53 547.98 668.57 582.19 1.99 1.77 4.44 0.86 1.51 40.04 1.56
Car 0.00 0 1.56 617.98 565.84 685.69 618.58 1.49 2.16 4.79 0.43 1.76 22.85 1.56