Car 0.00 0 1.56 590.85 579.36 708.39 676.52 1.49 2.16 4.79 0.23 1.76 14.18 1.56
Car 0.00 0 1.57 570.84 628.27 729.93 810.41 1.38 1.48 2.21 0.11 1.82 7.07 1.57
Car 0.00 0 -1.59 549.82 556.54 607.67 597.01 1.65 2.15 5.03 -2.84 1.69 30.86 -1.59
Cyclist 0.00 0 -0.57 685.16 551.42 708.32 573.11 1.61 0.87 1.51 4.33 1.69 48.86 -0.57
Motorcycle 0.00 0 1.57 868.61 602.58 1018.87 781.84 1.65 0.77 2.35 3.60 1.71 7.87 1.57
Car 0.00 0 -2.76 666.20 551.63 719.28 569.85 1.47 1.82 4.19 4.55 1.77 55.24 -2.76
Car 0.00 0 -0.01 1013.44 553.15 1049.16 573.64 1.53 0.87 2.19 29.91 1.78 48.94 -0.01
Cyclist 0.00 0 1.56 734.00 563.58 763.89 611.08 1.61 0.87 1.51 3.94 1.69 23.25 1.56
Car 0.00 0 -0.00 1067.78 552.72 1162.90 576.10 1.57 1.80 5.37 33.63 1.71 45.37 -0.00
Car 0.00 0 0.06 887.41 553.08 970.46 576.33 1.54 2.04 4.97 20.44 1.74 45.40 0.06
Car 0.00 0 -1.59 465.17 561.52 491.62 605.28 1.62 0.58 1.66 -6.43 1.70 25.54 -1.59
Car 0.00 0 1.56 734.34 569.71 864.97 658.28 1.65 2.15 5.03 3.77 1.69 16.17 1.56
Car 0.00 0 1.56 639.65 547.38 667.78 579.75 1.99 1.77 4.44 0.92 1.51 42.60 1.56
Car 0.00 0 1.56 617.98 565.84 685.68 618.57 1.49 2.16 4.79 0.43 1.76 22.85 1.56