Car 0.00 0 1.56 617.00 566.70 685.47 620.06 1.49 2.16 4.79 0.41 1.79 22.62 1.56
Car 0.00 0 1.57 598.01 603.62 701.42 716.64 1.38 1.48 2.21 0.16 1.83 10.28 1.57
Cyclist 0.00 0 -0.03 873.31 552.93 899.01 576.10 1.61 0.87 1.51 17.50 1.74 45.52 -0.03
Motorcycle 0.00 0 1.56 807.41 585.52 890.98 698.28 1.65 0.77 2.35 3.66 1.72 11.45 1.56
Car 0.00 0 -0.17 774.31 553.97 804.12 575.82 1.52 0.80 2.04 10.69 1.78 45.90 -0.17
Cyclist 0.00 0 1.53 718.11 559.17 739.63 595.53 1.61 0.87 1.51 4.13 1.72 29.85 1.53
Car 0.00 0 -0.00 1099.76 553.52 1196.84 576.92 1.57 1.80 5.37 35.71 1.76 45.06 -0.00
Car 0.00 0 -1.58 497.75 556.16 546.93 589.68 1.62 1.85 3.99 -6.31 1.73 34.75 -1.58
Car 0.00 0 0.02 962.67 554.03 1049.61 577.05 1.54 2.04 4.97 25.75 1.78 45.13 0.02
Car 0.00 0 1.56 716.98 563.99 807.70 626.98 1.65 2.15 5.03 3.87 1.71 21.21 1.56
Car 0.00 0 1.53 631.28 558.51 675.00 591.37 1.49 2.16 4.79 0.76 1.80 34.06 1.53