Car 0.00 0 1.56 613.89 568.07 689.06 627.28 1.49 2.16 4.79 0.39 1.76 20.82 1.56
Car 0.00 0 1.57 590.75 610.18 709.26 741.71 1.38 1.48 2.21 0.14 1.82 9.11 1.57
Cyclist 0.00 0 -0.03 872.61 552.23 898.11 575.24 1.61 0.87 1.51 17.55 1.69 45.81 -0.03
Motorcycle 0.00 0 1.56 824.64 589.59 923.89 719.35 1.65 0.77 2.35 3.65 1.71 10.21 1.56
Car 0.00 0 -0.17 774.22 553.27 803.81 574.97 1.52 0.80 2.04 10.74 1.73 46.20 -0.17
Cyclist 0.00 0 1.54 720.02 559.20 742.99 597.21 1.61 0.87 1.51 4.09 1.69 28.71 1.54
Car 0.00 0 -0.00 1097.81 552.82 1194.23 576.07 1.57 1.80 5.37 35.77 1.71 45.33 -0.00
Car 0.00 0 -1.58 510.12 554.50 554.83 585.41 1.62 1.85 3.99 -6.21 1.70 37.38 -1.58
Car 0.00 0 0.02 961.44 553.32 1047.80 576.19 1.54 2.04 4.97 25.81 1.74 45.42 0.02
Car 0.00 0 1.56 720.25 564.35 816.81 631.23 1.65 2.15 5.03 3.87 1.69 20.23 1.56
Car 0.00 0 1.54 629.56 558.88 676.17 594.13 1.49 2.16 4.79 0.69 1.76 32.10 1.54