Car 0.00 0 0.84 706.32 566.75 829.56 620.28 1.49 2.16 4.79 4.63 1.79 22.65 0.84
Car 0.00 0 1.56 593.17 599.35 687.66 701.32 1.38 1.48 2.21 0.01 1.83 11.14 1.56
Cyclist 0.00 0 -0.03 1076.64 565.13 1137.10 612.43 1.61 0.87 1.51 16.56 1.72 22.73 -0.03
Motorcycle 0.00 0 1.56 1152.11 685.93 1279.00 1079.00 1.65 0.77 2.35 3.50 1.71 2.72 1.56
Car 0.00 0 -0.17 879.47 567.11 945.45 611.92 1.52 0.80 2.04 9.74 1.76 22.96 -0.17
Cyclist 0.00 0 0.92 871.04 571.54 919.17 636.78 1.61 0.87 1.51 6.99 1.71 17.50 0.92
Car 0.00 0 3.13 1054.54 561.27 1160.39 589.31 1.39 1.99 4.18 24.82 1.86 34.10 3.13
Car 0.00 0 0.02 1248.58 566.97 1279.00 615.62 1.54 2.04 4.97 24.84 1.76 22.54 0.02
Car 0.00 0 1.45 792.40 583.39 1024.76 747.91 1.65 2.15 5.03 3.89 1.70 10.40 1.45
Car 0.00 0 3.14 1175.11 522.01 1279.00 589.74 3.46 2.89 7.94 33.75 0.81 34.19 3.14
Car 0.00 0 -1.58 578.04 520.41 626.52 569.84 4.25 3.94 10.27 -3.35 0.45 60.21 -1.58
Car 0.00 0 0.00 1081.02 564.72 1241.43 605.00 1.49 2.16 4.79 21.11 1.79 26.08 0.00