Truck 0.00 0 -1.58 686.97 544.41 720.11 569.85 2.10 2.39 6.27 5.72 1.46 56.85 -1.58
Motorcycle 0.00 0 1.59 845.13 580.41 909.86 679.73 1.65 0.77 2.35 4.69 1.71 12.80 1.59
Car 0.00 0 1.56 711.32 557.84 750.77 593.89 1.55 1.79 3.71 4.59 1.73 31.88 1.56
Car 0.00 0 1.56 710.97 565.07 736.44 608.62 1.53 0.87 2.19 3.27 1.78 24.88 1.56
Cyclist 0.00 0 1.56 797.31 559.10 819.68 597.06 1.61 0.87 1.51 7.57 1.69 28.83 1.56
Car 0.00 0 1.56 778.78 556.15 821.94 588.38 1.54 2.04 4.97 8.88 1.74 35.81 1.56
Car 0.00 0 -1.58 541.10 563.84 609.01 598.57 1.30 1.89 4.72 -2.92 1.86 29.89 -1.58
Car 0.00 0 1.55 716.05 525.09 761.81 578.88 3.46 2.89 7.94 7.14 0.77 45.36 1.55
Car 0.00 0 1.56 789.09 563.43 874.21 627.69 1.65 2.15 5.03 6.13 1.69 21.05 1.56
Car 0.00 0 1.58 671.49 556.35 745.10 642.83 1.99 1.77 4.44 2.03 1.51 17.93 1.58
Car 0.00 0 1.63 567.89 597.06 778.85 789.43 1.49 2.16 4.79 0.60 1.76 8.94 1.63