Truck 0.00 0 -1.58 563.97 549.99 653.01 614.54 2.10 2.39 6.27 -1.03 1.49 25.00 -1.58
Motorcycle 0.00 0 1.59 882.45 597.62 1004.31 754.86 1.65 0.77 2.35 4.04 1.72 8.77 1.59
Car 0.00 0 -1.58 531.43 542.12 605.76 594.84 2.43 2.35 6.37 -3.51 1.33 32.99 -1.58
Car 0.00 0 1.56 699.90 553.40 725.87 577.16 1.55 1.79 3.71 5.29 1.79 46.21 1.56
Car 0.00 0 1.56 701.84 558.40 718.17 587.49 1.53 0.87 2.19 3.95 1.83 36.02 1.56
Car 0.00 0 0.50 826.28 552.67 888.88 572.05 1.49 1.84 4.89 18.05 1.83 53.10 0.50
Cyclist 0.00 0 1.56 781.84 562.83 808.94 607.08 1.61 0.87 1.51 6.04 1.72 24.93 1.56
Car 0.00 0 -2.10 636.39 551.34 686.76 569.72 1.51 2.13 4.90 2.01 1.82 58.00 -2.10
Car 0.00 0 1.56 755.94 558.79 806.64 595.48 1.54 2.04 4.97 6.96 1.78 31.98 1.56
Car 0.00 0 -1.58 639.60 555.80 675.50 580.98 1.48 1.97 3.81 1.20 1.82 41.92 -1.58
Car 0.00 0 1.56 778.68 569.01 895.39 652.35 1.65 2.15 5.03 5.02 1.72 17.09 1.56
Car 0.00 0 1.56 676.73 553.17 728.03 613.35 1.99 1.77 4.44 2.44 1.54 24.44 1.56
Car 0.00 0 1.58 614.17 584.75 753.30 703.88 1.49 2.16 4.79 0.93 1.78 12.35 1.58