Truck 0.00 0 -1.58 661.54 545.71 707.72 580.43 2.10 2.39 6.27 3.11 1.46 43.06 -1.58
Motorcycle 0.00 0 1.59 845.04 580.56 909.86 679.98 1.65 0.77 2.35 4.68 1.71 12.79 1.59
Car 0.00 0 -1.58 627.92 541.01 671.39 574.47 2.43 2.35 6.37 0.85 1.30 50.03 -1.58
Car 0.00 0 1.56 722.20 554.29 752.56 581.44 1.55 1.79 3.71 6.25 1.74 40.84 1.56
Car 0.00 0 1.56 721.29 560.08 740.98 593.73 1.53 0.87 2.19 4.50 1.79 31.53 1.56
Cyclist 0.00 0 1.56 797.11 559.22 819.49 597.20 1.61 0.87 1.51 7.56 1.70 28.82 1.56
Car 0.00 0 1.56 778.56 556.27 821.74 588.51 1.54 2.04 4.97 8.87 1.75 35.80 1.56
Car 0.00 0 -1.56 274.35 585.39 470.66 672.93 1.30 1.89 4.72 -5.75 1.86 14.56 -1.56
Car 0.00 0 1.18 734.11 528.29 799.09 570.76 3.46 2.89 7.94 11.26 0.78 56.29 1.18
Car 0.00 0 -1.58 693.46 550.88 718.32 568.23 1.48 1.97 3.81 6.11 1.78 59.04 -1.58
Car 0.00 0 1.56 788.90 563.55 874.09 627.85 1.65 2.15 5.03 6.12 1.70 21.04 1.56
Car 0.00 0 1.74 773.26 235.29 1279.00 959.40 4.25 3.94 10.27 3.30 0.38 1.37 1.74
Car 0.00 0 1.57 677.87 555.25 745.92 634.29 1.99 1.77 4.44 2.29 1.52 19.40 1.57
Car 0.00 0 1.62 581.22 593.58 770.79 764.55 1.49 2.16 4.79 0.70 1.77 9.67 1.62