Truck 0.00 0 -1.58 625.52 546.67 687.45 592.86 2.10 2.39 6.27 1.00 1.43 33.37 -1.58
Motorcycle 0.00 0 1.59 876.57 589.82 973.67 722.42 1.65 0.77 2.35 4.39 1.70 10.07 1.59
Car 0.00 0 -1.58 589.51 540.67 645.33 582.32 2.43 2.35 6.37 -1.31 1.26 40.87 -1.58
Car 0.00 0 1.56 716.17 553.37 744.83 579.36 1.55 1.79 3.71 6.01 1.70 42.23 1.56
Car 0.00 0 1.56 717.80 558.55 735.86 590.53 1.53 0.87 2.19 4.51 1.76 33.15 1.56
Car 0.00 0 0.50 844.46 551.23 906.84 570.25 1.49 1.84 4.89 19.85 1.72 53.91 0.50
Cyclist 0.00 0 1.56 796.83 560.58 822.38 602.65 1.61 0.87 1.51 6.91 1.67 26.15 1.56
Car 0.00 0 1.56 773.38 556.94 821.71 592.13 1.54 2.04 4.97 8.07 1.72 33.17 1.56
Car 0.00 0 -1.49 0.00 662.28 38.65 1079.00 1.30 1.89 4.72 -6.90 1.85 3.87 -1.49
Car 0.00 0 0.72 758.23 528.15 844.95 569.15 3.46 2.89 7.94 14.56 0.74 57.41 0.72
Car 0.00 0 -1.58 672.05 552.32 701.83 573.26 1.48 1.97 3.81 3.68 1.73 49.62 -1.58
Car 0.00 0 1.56 791.80 566.05 897.10 642.30 1.65 2.15 5.03 5.64 1.68 18.35 1.56
Car 0.00 0 1.57 682.40 554.11 745.36 628.75 1.99 1.77 4.44 2.43 1.50 20.34 1.57
Car 0.00 0 1.60 578.74 596.85 792.11 791.75 1.49 2.16 4.79 0.73 1.76 8.88 1.60