Truck 0.00 0 -1.58 680.45 544.68 716.89 572.59 2.10 2.39 6.27 4.89 1.46 52.46 -1.58
Motorcycle 0.00 0 1.59 845.13 580.41 909.86 679.73 1.65 0.77 2.35 4.69 1.71 12.80 1.59
Car 0.00 0 -1.58 648.63 540.77 684.08 569.00 2.43 2.35 6.37 2.50 1.29 58.66 -1.58
Car 0.00 0 1.56 714.75 556.70 751.39 589.97 1.55 1.79 3.71 5.02 1.73 34.21 1.56
Car 0.00 0 1.56 713.47 563.93 737.55 604.95 1.53 0.87 2.19 3.52 1.78 26.20 1.56
Cyclist 0.00 0 1.56 797.31 559.10 819.68 597.06 1.61 0.87 1.51 7.57 1.69 28.83 1.56
Car 0.00 0 1.56 778.78 556.15 821.94 588.38 1.54 2.04 4.97 8.88 1.74 35.81 1.56
Car 0.00 0 -1.58 494.39 568.06 581.83 611.23 1.30 1.89 4.72 -3.84 1.86 25.02 -1.58
Car 0.00 0 1.54 719.95 526.37 763.58 575.83 3.46 2.89 7.94 7.91 0.77 48.98 1.54
Car 0.00 0 1.56 789.09 563.43 874.21 627.69 1.65 2.15 5.03 6.13 1.69 21.05 1.56
Car 0.00 0 1.58 671.49 556.35 745.10 642.83 1.99 1.77 4.44 2.03 1.51 17.93 1.58
Car 0.00 0 1.63 567.89 597.06 778.85 789.43 1.49 2.16 4.79 0.60 1.76 8.94 1.63