Truck 0.00 0 -1.58 609.60 547.63 680.43 599.88 2.10 2.39 6.27 0.40 1.45 29.97 -1.58
Motorcycle 0.00 0 1.59 879.99 591.18 981.34 727.91 1.65 0.77 2.35 4.36 1.70 9.82 1.59
Car 0.00 0 -1.58 574.36 540.98 636.44 586.46 2.43 2.35 6.37 -1.90 1.28 37.72 -1.58
Car 0.00 0 1.56 716.13 552.99 743.59 578.19 1.55 1.79 3.71 6.20 1.72 43.93 1.56
Car 0.00 0 1.56 717.99 557.90 735.17 588.54 1.53 0.87 2.19 4.70 1.77 34.67 1.56
Car 0.00 0 0.50 843.45 551.52 906.01 570.62 1.49 1.84 4.89 19.70 1.74 53.71 0.50
Cyclist 0.00 0 1.56 796.41 561.01 822.28 603.49 1.61 0.87 1.51 6.84 1.68 25.91 1.56
Car 0.00 0 1.56 772.45 557.29 821.29 592.78 1.54 2.04 4.97 7.97 1.73 32.93 1.56
Car 0.00 0 -1.58 666.18 553.30 698.02 575.63 1.48 1.97 3.81 3.12 1.75 46.77 -1.58
Car 0.00 0 1.56 791.76 566.60 899.26 644.15 1.65 2.15 5.03 5.59 1.69 18.10 1.56
Car 0.00 0 1.56 687.73 553.15 744.35 619.91 1.99 1.77 4.44 2.74 1.51 22.38 1.56
Car 0.00 0 1.59 605.28 590.12 777.41 742.54 1.49 2.16 4.79 0.93 1.76 10.44 1.59