Car 0.00 0 3.14 1034.01 552.33 1129.81 578.00 1.65 2.15 5.03 29.93 1.69 43.46 3.14
Car 0.00 0 0.02 999.95 519.77 1199.01 592.77 3.46 2.89 7.94 22.70 0.77 31.91 0.02
Car 0.00 0 3.11 1184.54 554.76 1271.61 577.64 1.47 1.82 4.19 39.85 1.76 43.44 3.11
Car 0.00 0 1.16 660.85 562.45 696.82 601.38 1.53 0.87 2.19 1.70 1.78 27.69 1.16
Car 0.00 0 0.40 854.54 559.70 960.46 594.91 1.49 1.84 4.89 12.94 1.75 30.93 0.40
Car 0.00 0 -0.55 662.71 556.28 769.23 590.07 1.57 1.80 5.37 3.99 1.71 34.07 -0.55
Car 0.00 0 0.00 1278.98 557.90 1279.00 590.90 1.59 0.87 1.82 33.23 1.71 31.95 0.00
Motorcycle 0.00 0 2.95 807.39 551.77 841.36 574.30 1.65 0.77 2.35 13.66 1.70 47.49 2.95
Car 0.00 0 1.56 789.05 598.09 1148.27 821.63 1.54 2.04 4.97 3.51 1.74 8.19 1.56
Car 0.00 0 3.14 921.65 552.90 950.21 577.33 1.62 0.58 1.66 20.06 1.70 43.40 3.14
Car 0.00 0 1.56 610.01 554.33 671.29 626.42 1.99 1.77 4.44 0.02 1.51 20.75 1.56
Car 0.00 0 1.56 530.25 598.78 750.05 794.75 1.49 2.16 4.79 0.00 1.76 8.70 1.56
Car 0.00 0 -1.66 521.27 564.04 588.61 609.91 1.50 1.85 3.63 -3.18 1.74 24.59 -1.66