Car 0.00 0 -3.11 801.48 552.44 886.36 578.26 1.65 2.15 5.03 13.70 1.69 43.21 -3.11
Cyclist 0.00 0 -1.58 596.04 549.74 606.81 568.44 1.61 0.87 1.51 -3.42 1.68 56.78 -1.58
Car 0.00 0 -0.00 1234.10 519.86 1279.00 592.43 3.46 2.89 7.94 35.00 0.77 32.00 -0.00
Car 0.00 0 3.14 983.67 554.77 1061.41 577.63 1.47 1.82 4.19 25.90 1.76 43.43 3.14
Car 0.00 0 1.16 660.85 562.45 696.82 601.38 1.53 0.87 2.19 1.70 1.78 27.69 1.16
Car 0.00 0 0.03 1015.92 559.71 1138.54 591.89 1.49 1.84 4.89 21.63 1.75 31.78 0.03
Cyclist 0.00 0 1.56 837.43 594.47 941.49 732.46 1.61 0.87 1.51 3.50 1.69 9.14 1.56
Car 0.00 0 -0.22 779.17 557.44 893.46 591.94 1.57 1.80 5.37 9.76 1.71 32.25 -0.22
Car 0.00 0 3.10 1178.12 556.12 1267.27 577.91 1.39 1.99 4.18 39.45 1.81 43.41 3.10
Car 0.00 0 1.34 729.77 564.73 798.02 624.21 1.54 2.04 4.97 4.29 1.74 21.90 1.34
Car 0.00 0 -2.77 689.67 553.40 716.68 579.36 1.62 0.58 1.66 4.09 1.70 41.47 -2.77
Car 0.00 0 1.56 1126.61 714.20 1279.00 1079.00 1.65 2.15 5.03 3.50 1.69 0.67 1.56
Car 0.00 0 1.56 610.01 554.33 671.29 626.42 1.99 1.77 4.44 0.02 1.51 20.75 1.56
Car 0.00 0 1.56 530.33 598.76 749.97 794.56 1.49 2.16 4.79 0.00 1.76 8.70 1.56
Car 0.00 0 -1.58 0.00 660.42 324.32 1079.00 1.50 1.85 3.63 -3.50 1.74 3.39 -1.58