Car 0.00 0 -2.92 726.32 552.64 810.70 579.45 1.65 2.15 5.03 8.46 1.69 42.30 -2.92
Cyclist 0.00 0 -1.56 592.26 550.66 603.80 571.15 1.61 0.87 1.51 -3.40 1.68 51.92 -1.56
Car 0.00 0 3.14 916.67 554.79 991.63 577.63 1.47 1.82 4.19 21.25 1.76 43.40 3.14
Car 0.00 0 0.92 699.27 559.93 738.02 594.56 1.53 0.87 2.19 3.84 1.78 31.07 0.92
Car 0.00 0 0.01 1084.82 559.11 1211.68 592.11 1.49 1.84 4.89 25.22 1.75 31.86 0.01
Cyclist 0.00 0 1.56 837.67 596.91 938.58 729.69 1.61 0.87 1.51 3.50 1.69 9.18 1.56
Car 0.00 0 -0.05 863.92 557.89 987.86 591.64 1.57 1.80 5.37 14.18 1.71 31.97 -0.05
Car 0.00 0 3.13 1092.06 556.14 1176.38 577.81 1.39 1.99 4.18 33.49 1.81 43.45 3.13
Car 0.00 0 1.12 743.10 562.44 823.98 610.92 1.54 2.04 4.97 5.75 1.73 25.14 1.12
Car 0.00 0 -2.41 613.53 554.35 641.24 583.06 1.62 0.58 1.66 -0.75 1.70 38.24 -2.41
Car 0.00 0 1.56 975.78 660.35 1279.00 1079.00 1.65 2.15 5.03 3.50 1.69 2.10 1.56
Car 0.00 0 1.56 610.41 554.03 670.98 625.70 1.99 1.77 4.44 0.02 1.51 20.97 1.56
Car 0.00 0 1.56 530.35 598.75 749.95 794.53 1.49 2.16 4.79 0.00 1.76 8.70 1.56