Car 0.00 0 3.14 903.54 552.38 992.94 578.03 1.65 2.15 5.03 20.83 1.69 43.40 3.14
Car 0.00 0 -0.00 1151.63 519.77 1279.00 592.46 3.46 2.89 7.94 30.68 0.77 31.98 -0.00
Car 0.00 0 3.13 1091.76 554.73 1174.16 577.62 1.47 1.82 4.19 33.41 1.76 43.46 3.13
Car 0.00 0 1.16 660.85 562.45 696.82 601.38 1.53 0.87 2.19 1.70 1.78 27.69 1.16
Car 0.00 0 0.12 925.98 559.60 1042.37 592.78 1.49 1.84 4.89 16.92 1.75 31.56 0.12
Cyclist 0.00 0 1.56 1069.57 664.62 1279.00 1063.16 1.61 0.87 1.51 3.50 1.69 3.81 1.56
Car 0.00 0 -0.52 671.65 556.32 779.55 590.44 1.57 1.80 5.37 4.48 1.71 33.84 -0.52
Motorcycle 0.00 0 1.78 677.39 549.51 693.76 568.93 1.65 0.77 2.35 4.05 1.70 57.12 1.78
Car 0.00 0 1.55 733.86 575.83 877.64 671.98 1.54 2.04 4.97 3.52 1.74 14.69 1.55
Car 0.00 0 -3.09 795.45 552.98 822.57 577.60 1.62 0.58 1.66 11.38 1.70 43.12 -3.09
Car 0.00 0 1.56 610.01 554.33 671.29 626.42 1.99 1.77 4.44 0.02 1.51 20.75 1.56
Car 0.00 0 1.56 530.28 598.77 750.01 794.67 1.49 2.16 4.79 0.00 1.76 8.70 1.56
Car 0.00 0 -1.59 367.58 584.92 524.66 694.86 1.50 1.85 3.63 -3.45 1.74 12.13 -1.59