Car 0.00 0 3.14 941.73 552.37 1032.99 578.01 1.65 2.15 5.03 23.49 1.69 43.42 3.14
Car 0.00 0 -0.00 1104.33 519.82 1279.00 592.51 3.46 2.89 7.94 28.19 0.77 31.96 -0.00
Car 0.00 0 3.13 1137.39 554.74 1221.84 577.62 1.47 1.82 4.19 36.58 1.76 43.45 3.13
Car 0.00 0 1.16 660.85 562.45 696.82 601.38 1.53 0.87 2.19 1.70 1.78 27.69 1.16
Car 0.00 0 0.26 880.77 559.34 991.92 594.22 1.49 1.84 4.89 14.46 1.76 31.27 0.26
Car 0.00 0 -0.55 662.71 556.28 769.23 590.07 1.57 1.80 5.37 3.99 1.71 34.07 -0.55
Motorcycle 0.00 0 2.18 694.14 550.33 720.33 570.97 1.65 0.77 2.35 5.56 1.70 53.05 2.18
Car 0.00 0 1.56 752.49 583.58 955.07 714.80 1.54 2.04 4.97 3.51 1.74 11.69 1.56
Car 0.00 0 -3.10 835.42 552.95 862.81 577.43 1.62 0.58 1.66 14.14 1.70 43.28 -3.10
Car 0.00 0 1.56 610.01 554.33 671.29 626.42 1.99 1.77 4.44 0.02 1.51 20.75 1.56
Car 0.00 0 1.56 530.26 598.78 750.03 794.71 1.49 2.16 4.79 0.00 1.76 8.70 1.56
Car 0.00 0 -1.59 444.32 575.59 551.89 651.77 1.50 1.85 3.63 -3.41 1.74 16.05 -1.59