Car 0.00 0 1.66 606.27 561.75 664.68 602.49 1.49 2.16 4.79 -0.31 1.79 28.46 1.66
Car 0.00 0 1.56 572.57 584.18 708.40 698.20 1.49 2.16 4.79 0.01 1.78 12.59 1.56
Car 0.00 0 3.13 1015.91 557.18 1062.68 578.83 1.38 1.48 2.21 26.77 1.87 42.94 3.13
Car 0.00 0 3.13 901.05 552.35 984.33 576.19 1.65 2.15 5.03 21.90 1.74 46.46 3.13
Truck 0.00 0 -3.10 226.64 546.10 332.29 576.20 2.10 2.39 6.27 -26.05 1.50 46.44 -3.10
Car 0.00 0 0.05 181.18 548.03 276.36 582.61 2.04 2.07 4.48 -25.18 1.52 39.32 0.05
Car 0.00 0 1.03 723.04 560.85 787.94 592.37 1.39 1.99 4.18 6.10 1.85 33.42 1.03
Car 0.00 0 -3.09 915.82 554.47 983.30 578.50 1.55 1.79 3.71 20.90 1.77 43.29 -3.09
Car 0.00 0 0.31 776.14 509.62 957.50 585.18 4.25 3.94 10.27 13.96 0.42 39.49 0.31
Car 0.00 0 2.77 434.56 555.35 498.30 579.98 1.50 1.85 3.63 -11.36 1.78 41.93 2.77
Car 0.00 0 3.13 1016.47 527.06 1153.78 576.33 3.46 2.89 7.94 32.13 0.82 46.43 3.13