Car 0.00 0 2.01 551.85 560.92 637.41 602.32 1.49 2.16 4.79 -2.12 1.76 28.35 2.01
Car 0.00 0 1.56 576.78 581.47 703.66 686.94 1.49 2.16 4.79 0.00 1.76 13.31 1.56
Car 0.00 0 3.13 1071.37 558.85 1127.67 583.95 1.38 1.48 2.21 26.74 1.81 37.28 3.13
Car 0.00 0 3.13 935.85 553.14 1032.90 580.47 1.65 2.15 5.03 21.87 1.69 40.80 3.13
Truck 0.00 0 -2.98 27.07 546.15 166.70 581.96 2.10 2.39 6.27 -33.57 1.45 39.77 -2.98
Car 0.00 0 0.05 100.16 548.43 216.29 589.21 2.04 2.07 4.48 -25.21 1.48 33.62 0.05
Car 0.00 0 1.00 744.96 563.55 821.39 602.01 1.39 1.99 4.18 6.38 1.81 28.18 1.00
Car 0.00 0 -3.09 955.94 555.70 1035.55 583.56 1.55 1.79 3.71 20.86 1.72 37.62 -3.09
Car 0.00 0 0.31 798.30 503.02 1010.63 592.71 4.25 3.94 10.27 13.93 0.37 33.82 0.31
Car 0.00 0 3.11 248.64 556.44 328.30 583.69 1.50 1.85 3.63 -20.43 1.73 37.30 3.11
Car 0.00 0 3.13 1066.46 524.31 1227.19 580.67 3.46 2.89 7.94 32.10 0.77 40.77 3.13