Car 0.00 0 1.69 735.77 562.36 810.37 607.32 1.49 2.16 4.79 5.62 1.76 26.50 1.69
Car 0.00 0 1.94 579.94 594.95 778.13 775.37 1.49 2.16 4.79 0.74 1.76 9.35 1.94
Car 0.00 0 1.80 707.11 576.34 768.10 632.17 1.38 1.48 2.21 2.89 1.82 18.71 1.80
Truck 0.00 0 -1.58 795.76 544.88 847.12 574.36 2.10 2.39 6.27 14.25 1.46 49.96 -1.58
Motorcycle 0.00 0 1.59 874.84 556.55 896.91 590.87 1.65 0.77 2.35 12.70 1.71 33.02 1.59
Car 0.00 0 -1.58 781.53 540.78 826.67 569.20 2.43 2.35 6.37 15.02 1.29 58.29 -1.58
Truck 0.00 0 1.94 809.60 558.47 1076.22 749.92 2.10 2.39 6.27 4.48 1.45 10.90 1.94
Cyclist 0.00 0 1.56 913.70 551.78 928.87 574.51 1.61 0.87 1.51 20.74 1.69 47.18 1.56
Car 0.00 0 1.56 914.53 551.09 947.50 571.68 1.54 2.04 4.97 24.30 1.74 53.34 1.56
Car 0.00 0 -1.39 507.48 569.11 609.48 614.83 1.30 1.89 4.72 -2.90 1.86 23.98 -1.39
Car 0.00 0 1.56 881.74 552.91 929.39 582.86 1.65 2.15 5.03 16.80 1.69 40.33 1.56
Car 0.00 0 1.73 780.80 477.35 924.23 629.82 4.25 3.94 10.27 7.85 0.38 23.35 1.73
Car 0.00 0 1.56 850.87 546.55 886.66 575.08 1.99 1.77 4.44 17.24 1.51 48.10 1.56
Car 0.00 0 1.58 801.97 556.26 857.91 586.00 1.49 2.16 4.79 11.20 1.76 37.52 1.58