Car 0.00 0 1.67 744.03 561.44 816.39 603.95 1.49 2.16 4.79 6.18 1.76 27.75 1.67
Car 0.00 0 1.94 588.95 592.82 774.91 760.70 1.49 2.16 4.79 0.81 1.76 9.81 1.94
Car 0.00 0 1.80 710.14 575.64 769.51 629.69 1.38 1.48 2.21 3.03 1.82 19.17 1.80
Truck 0.00 0 -1.58 788.06 545.03 841.76 575.62 2.10 2.39 6.27 13.29 1.46 48.30 -1.58
Motorcycle 0.00 0 1.59 874.84 556.55 896.91 590.87 1.65 0.77 2.35 12.70 1.71 33.02 1.59
Car 0.00 0 -1.58 775.17 540.80 821.94 570.03 2.43 2.35 6.37 14.14 1.29 56.77 -1.58
Truck 0.00 0 1.92 810.16 558.08 1051.58 734.68 2.10 2.39 6.27 4.60 1.45 11.48 1.92
Cyclist 0.00 0 1.56 913.70 551.78 928.87 574.51 1.61 0.87 1.51 20.74 1.69 47.18 1.56
Car 0.00 0 1.56 914.53 551.09 947.50 571.68 1.54 2.04 4.97 24.30 1.74 53.34 1.56
Car 0.00 0 -1.38 473.31 571.51 588.13 622.56 1.30 1.89 4.72 -3.58 1.86 21.97 -1.38
Car 0.00 0 1.56 881.74 552.91 929.39 582.86 1.65 2.15 5.03 16.80 1.69 40.33 1.56
Car 0.00 0 1.73 780.79 477.40 924.23 629.86 4.25 3.94 10.27 7.85 0.38 23.35 1.73
Car 0.00 0 1.56 855.26 546.44 889.91 573.98 1.99 1.77 4.44 18.01 1.51 49.45 1.56
Car 0.00 0 1.58 809.40 555.71 862.91 584.16 1.49 2.16 4.79 12.01 1.76 38.96 1.58