Car 0.00 0 1.74 710.13 565.77 794.03 620.07 1.49 2.16 4.79 4.10 1.76 22.68 1.74
Car 0.00 0 1.94 578.83 595.29 778.82 777.38 1.49 2.16 4.79 0.73 1.76 9.29 1.94
Car 0.00 0 1.86 688.66 581.84 756.22 648.97 1.38 1.48 2.21 2.11 1.82 16.01 1.86
Motorcycle 0.00 0 1.59 874.84 556.55 896.91 590.87 1.65 0.77 2.35 12.70 1.71 33.02 1.59
Car 0.00 0 1.56 870.25 552.35 886.41 572.39 1.53 0.87 2.19 19.19 1.78 51.50 1.56
Truck 0.00 0 2.07 933.76 591.51 1279.00 1079.00 2.10 2.39 6.27 3.45 1.46 1.89 2.07
Cyclist 0.00 0 1.56 913.70 551.78 928.87 574.51 1.61 0.87 1.51 20.74 1.69 47.18 1.56
Car 0.00 0 1.56 914.53 551.09 947.50 571.68 1.54 2.04 4.97 24.30 1.74 53.34 1.56
Car 0.00 0 -1.56 654.62 559.57 718.51 586.64 1.30 1.89 4.72 2.77 1.86 36.92 -1.56
Car 0.00 0 1.56 881.74 552.91 929.39 582.86 1.65 2.15 5.03 16.80 1.69 40.33 1.56
Car 0.00 0 1.73 780.44 475.69 925.11 629.31 4.25 3.94 10.27 7.80 0.38 23.22 1.73
Car 0.00 0 1.57 821.00 547.67 864.93 582.12 1.99 1.77 4.44 12.90 1.51 40.52 1.57
Car 0.00 0 1.61 769.40 558.86 835.05 594.84 1.49 2.16 4.79 8.18 1.76 31.93 1.61