Car 0.00 0 1.56 704.04 561.22 758.18 601.73 1.49 2.16 4.79 4.18 1.78 28.69 1.56
Car 0.00 0 1.60 620.00 584.89 762.38 708.10 1.49 2.16 4.79 1.12 1.77 12.10 1.60
Car 0.00 0 1.57 699.65 572.09 747.10 618.69 1.38 1.48 2.21 2.86 1.83 21.71 1.57
Motorcycle 0.00 0 1.59 847.60 580.19 910.84 677.78 1.65 0.77 2.35 4.80 1.71 13.00 1.59
Car 0.00 0 1.16 758.45 551.81 777.83 570.31 1.53 0.87 2.19 11.13 1.81 55.52 1.16
Cyclist 0.00 0 1.57 801.17 559.28 823.71 596.92 1.61 0.87 1.51 7.82 1.71 29.06 1.57
Car 0.00 0 -1.57 320.32 574.45 502.24 659.65 1.51 2.13 4.90 -5.41 1.76 16.02 -1.57
Car 0.00 0 1.56 783.12 556.39 825.90 588.41 1.54 2.04 4.97 9.17 1.76 36.03 1.56
Car 0.00 0 1.56 792.97 563.57 877.11 627.18 1.65 2.15 5.03 6.30 1.70 21.24 1.56
Car 0.00 0 1.73 768.47 142.25 1279.00 1079.00 4.25 3.94 10.27 3.35 0.38 2.28 1.73
Car 0.00 0 1.56 733.28 546.77 758.44 574.67 1.99 1.77 4.44 8.15 1.54 49.03 1.56
Car 0.00 0 1.56 718.68 556.75 759.62 586.69 1.49 2.16 4.79 5.83 1.78 37.17 1.56