Car 0.00 0 1.56 727.11 559.64 778.22 596.21 1.49 2.16 4.79 5.60 1.78 31.33 1.56
Car 0.00 0 1.62 633.82 582.67 764.06 693.65 1.49 2.16 4.79 1.40 1.77 12.99 1.62
Car 0.00 0 1.57 718.72 569.69 763.87 612.77 1.38 1.48 2.21 3.75 1.84 23.46 1.57
Motorcycle 0.00 0 1.59 843.92 574.02 890.22 652.82 1.65 0.77 2.35 5.50 1.72 15.62 1.59
Car 0.00 0 1.16 782.92 551.42 801.87 569.15 1.53 0.87 2.19 13.78 1.82 57.81 1.16
Cyclist 0.00 0 1.57 817.95 557.88 838.14 592.45 1.61 0.87 1.51 9.25 1.71 31.53 1.57
Car 0.00 0 -1.58 493.00 564.10 596.11 615.48 1.51 2.13 4.90 -3.41 1.76 24.00 -1.58
Car 0.00 0 1.56 803.91 555.50 842.76 585.27 1.54 2.04 4.97 10.93 1.76 38.43 1.56
Car 0.00 0 -1.47 245.95 603.29 534.34 789.13 1.48 1.97 3.81 -2.90 1.77 8.45 -1.47
Car 0.00 0 1.56 807.15 561.37 877.69 616.84 1.65 2.15 5.03 7.37 1.71 23.78 1.56
Car 0.00 0 1.73 761.64 0.00 1279.00 1079.00 4.25 3.94 10.27 3.56 0.38 4.98 1.73
Car 0.00 0 1.56 757.82 546.54 782.47 573.04 1.99 1.77 4.44 10.50 1.54 51.46 1.56
Car 0.00 0 1.56 742.30 555.82 781.73 583.62 1.49 2.16 4.79 7.63 1.79 39.71 1.56