Car 0.00 0 1.56 746.26 556.38 796.58 591.13 1.49 2.16 4.79 6.80 1.66 32.73 1.56
Car 0.00 0 1.66 619.75 584.88 773.84 720.42 1.49 2.16 4.79 1.20 1.73 11.35 1.66
Car 0.00 0 1.58 727.88 568.06 775.73 613.28 1.38 1.48 2.21 3.99 1.75 22.63 1.58
Motorcycle 0.00 0 1.59 847.73 567.64 884.59 635.38 1.65 0.77 2.35 6.27 1.65 17.83 1.59
Car 0.00 0 -1.46 0.00 541.41 422.65 773.36 2.43 2.35 6.37 -6.13 1.26 10.14 -1.46
Cyclist 0.00 0 1.57 834.66 554.34 853.23 586.72 1.61 0.87 1.51 10.69 1.58 33.57 1.57
Car 0.00 0 -1.58 594.39 555.78 662.41 591.08 1.51 2.13 4.90 -0.48 1.64 32.78 -1.58
Car 0.00 0 1.56 823.61 552.31 859.62 580.45 1.54 2.04 4.97 12.65 1.61 40.39 1.56
Car 0.00 0 -1.53 526.17 572.87 643.33 647.20 1.48 1.97 3.81 -1.29 1.71 16.73 -1.53
Car 0.00 0 1.56 821.83 557.31 883.60 607.40 1.65 2.15 5.03 8.48 1.61 25.91 1.56
Car 0.00 0 1.73 766.45 0.00 1279.00 1079.00 4.25 3.94 10.27 3.89 0.36 7.28 1.73
Car 0.00 0 1.56 780.37 543.92 804.78 569.11 1.99 1.77 4.44 12.77 1.33 53.44 1.56
Car 0.00 0 1.56 763.93 552.59 802.41 578.83 1.49 2.16 4.79 9.41 1.63 41.80 1.56