Car 0.00 0 1.56 693.05 561.98 749.57 605.38 1.49 2.16 4.79 3.53 1.76 27.06 1.56
Car 0.00 0 1.59 618.70 584.69 761.84 708.29 1.49 2.16 4.79 1.08 1.76 12.06 1.59
Car 0.00 0 1.57 689.22 573.85 739.94 625.43 1.38 1.48 2.21 2.37 1.82 20.04 1.57
Motorcycle 0.00 0 1.59 857.77 584.89 936.64 699.09 1.65 0.77 2.35 4.50 1.71 11.39 1.59
Car 0.00 0 1.16 747.22 551.71 766.96 570.75 1.53 0.87 2.19 9.90 1.78 54.04 1.16
Car 0.00 0 0.40 857.64 551.33 920.53 569.66 1.49 1.84 4.89 21.52 1.75 55.33 0.40
Cyclist 0.00 0 1.57 794.94 559.91 819.18 599.78 1.61 0.87 1.51 7.17 1.69 27.51 1.57
Car 0.00 0 -1.55 96.42 585.88 411.81 725.35 1.51 2.13 4.90 -6.20 1.75 11.22 -1.55
Car 0.00 0 1.56 774.20 556.65 819.75 590.27 1.54 2.04 4.97 8.37 1.74 34.51 1.56
Car 0.00 0 1.56 788.52 564.83 883.18 634.77 1.65 2.15 5.03 5.82 1.69 19.65 1.56
Car 0.00 0 1.73 786.50 291.67 1279.00 896.33 4.25 3.94 10.27 3.29 0.38 0.63 1.73
Car 0.00 0 1.56 721.83 546.57 747.46 575.43 1.99 1.77 4.44 7.06 1.51 47.48 1.56
Car 0.00 0 1.56 707.60 557.05 749.76 588.49 1.49 2.16 4.79 5.00 1.76 35.59 1.56