Car 0.00 0 1.56 677.79 564.01 740.02 612.30 1.49 2.16 4.79 2.74 1.77 24.74 1.56
Car 0.00 0 1.58 602.22 589.48 768.50 735.34 1.49 2.16 4.79 0.85 1.76 10.72 1.58
Car 0.00 0 1.57 674.82 578.27 732.17 637.63 1.38 1.48 2.21 1.79 1.82 17.70 1.57
Motorcycle 0.00 0 1.59 883.33 595.07 998.29 745.23 1.65 0.77 2.35 4.17 1.71 9.10 1.59
Car 0.00 0 1.16 731.93 552.34 752.26 572.21 1.53 0.87 2.19 8.29 1.79 51.90 1.16
Car 0.00 0 0.40 845.47 551.90 909.85 570.92 1.49 1.84 4.89 19.87 1.77 53.53 0.40
Cyclist 0.00 0 1.57 787.57 561.78 814.66 605.33 1.61 0.87 1.51 6.35 1.69 25.30 1.57
Car 0.00 0 -0.55 735.62 549.92 798.59 568.94 1.57 1.80 5.37 11.45 1.72 57.90 -0.55
Car 0.00 0 -1.52 0.00 635.46 84.08 1079.00 1.51 2.13 4.90 -6.89 1.75 4.13 -1.52
Car 0.00 0 1.56 762.47 557.86 812.46 594.11 1.54 2.04 4.97 7.35 1.74 32.33 1.56
Car 0.00 0 1.56 784.32 567.81 898.21 649.27 1.65 2.15 5.03 5.24 1.70 17.41 1.56
Car 0.00 0 1.56 706.13 547.03 732.71 577.41 1.99 1.77 4.44 5.65 1.52 45.26 1.56
Car 0.00 0 1.56 692.31 558.28 737.35 592.20 1.49 2.16 4.79 3.95 1.77 33.32 1.56