Car 0.00 0 1.56 772.98 558.17 825.10 591.57 1.49 2.16 4.79 8.52 1.78 34.00 1.56
Car 0.00 0 1.73 639.98 583.65 777.16 702.44 1.49 2.16 4.79 1.52 1.77 12.47 1.73
Car 0.00 0 1.58 747.32 568.95 795.09 610.74 1.38 1.48 2.21 4.97 1.84 24.11 1.58
Truck 0.00 0 -1.40 210.98 560.56 592.56 801.94 2.10 2.39 6.27 -2.65 1.46 9.42 -1.40
Motorcycle 0.00 0 1.59 857.09 564.60 881.82 617.64 1.65 0.77 2.35 7.94 1.72 22.20 1.59
Car 0.00 0 -1.52 434.15 542.17 595.42 633.39 2.43 2.35 6.37 -3.69 1.30 20.59 -1.52
Truck 0.00 0 1.89 973.22 595.36 1279.00 1079.00 2.10 2.39 6.27 3.56 1.46 1.56 1.89
Cyclist 0.00 0 1.56 863.46 555.19 879.52 584.07 1.61 0.87 1.51 13.56 1.72 37.48 1.56
Car 0.00 0 -1.58 679.73 554.31 729.55 579.98 1.51 2.13 4.90 4.42 1.77 42.99 -1.58
Car 0.00 0 1.56 856.14 553.72 889.32 579.04 1.54 2.04 4.97 16.08 1.77 44.17 1.56
Car 0.00 0 -1.57 653.65 562.91 723.29 604.86 1.48 1.97 3.81 2.12 1.78 26.95 -1.57
Car 0.00 0 1.56 842.77 557.35 895.56 599.41 1.65 2.15 5.03 10.79 1.71 30.07 1.56
Car 0.00 0 1.73 779.37 367.28 1206.49 789.40 4.25 3.94 10.27 4.74 0.39 11.86 1.73
Car 0.00 0 1.56 818.98 546.07 843.86 570.40 1.99 1.77 4.44 16.74 1.55 55.87 1.56
Car 0.00 0 1.56 800.83 554.00 838.46 577.90 1.49 2.16 4.79 12.79 1.79 45.39 1.56