Car 0.00 0 1.58 779.43 558.73 837.53 592.25 1.49 2.16 4.79 8.95 1.80 33.71 1.58
Car 0.00 0 1.81 637.38 582.19 766.55 692.22 1.49 2.16 4.79 1.49 1.78 13.16 1.81
Car 0.00 0 1.65 742.84 569.31 792.08 610.73 1.38 1.48 2.21 4.85 1.85 24.21 1.65
Truck 0.00 0 -1.53 630.91 549.32 733.65 609.11 2.10 2.39 6.27 1.96 1.48 26.78 -1.53
Motorcycle 0.00 0 1.59 861.43 559.91 883.89 600.53 1.65 0.77 2.35 10.30 1.74 28.28 1.59
Car 0.00 0 -1.58 642.65 541.89 722.11 588.71 2.43 2.35 6.37 2.58 1.33 36.79 -1.58
Truck 0.00 0 1.89 826.14 563.54 1279.00 871.07 2.10 2.39 6.27 4.11 1.46 8.11 1.89
Cyclist 0.00 0 1.56 888.79 553.61 904.24 578.63 1.61 0.87 1.51 17.24 1.74 43.00 1.56
Car 0.00 0 1.56 886.38 552.63 918.83 575.06 1.54 2.04 4.97 20.32 1.79 49.41 1.56
Car 0.00 0 -1.58 758.20 555.32 800.95 580.05 1.48 1.97 3.81 9.39 1.81 42.87 -1.58
Car 0.00 0 1.56 861.15 555.10 909.73 589.35 1.65 2.15 5.03 13.82 1.73 35.87 1.56
Car 0.00 0 1.73 773.33 453.25 974.52 666.11 4.25 3.94 10.27 6.19 0.40 18.27 1.73
Car 0.00 0 1.56 850.19 546.40 877.49 570.48 1.99 1.77 4.44 19.66 1.57 56.13 1.56
Car 0.00 0 1.56 821.09 554.45 863.32 578.86 1.49 2.16 4.79 14.19 1.81 44.75 1.56