Car 0.00 0 1.56 662.64 564.71 728.31 615.94 1.49 2.16 4.79 2.10 1.75 23.53 1.56
Car 0.00 0 1.58 575.15 594.27 770.74 769.46 1.49 2.16 4.79 0.57 1.76 9.47 1.58
Car 0.00 0 1.57 659.70 580.55 721.56 644.94 1.38 1.48 2.21 1.33 1.81 16.46 1.57
Motorcycle 0.00 0 1.59 895.34 601.65 1039.73 780.14 1.65 0.77 2.35 3.92 1.70 7.93 1.59
Car 0.00 0 0.02 928.19 527.59 1044.88 571.19 3.46 2.89 7.94 28.31 0.74 52.59 0.02
Car 0.00 0 1.16 717.46 552.14 738.09 572.45 1.53 0.87 2.19 6.98 1.75 50.82 1.16
Car 0.00 0 0.40 832.38 551.56 897.19 570.93 1.49 1.84 4.89 18.51 1.73 52.74 0.40
Cyclist 0.00 0 1.57 777.13 562.30 805.77 607.96 1.61 0.87 1.51 5.70 1.68 24.18 1.57
Car 0.00 0 -0.55 720.99 549.64 784.84 568.98 1.57 1.80 5.37 9.99 1.68 56.89 -0.55
Car 0.00 0 1.56 749.72 557.99 802.02 595.67 1.54 2.04 4.97 6.52 1.72 31.23 1.56
Car 0.00 0 1.56 775.70 569.06 901.40 657.79 1.65 2.15 5.03 4.79 1.68 16.26 1.56
Car 0.00 0 1.56 691.36 546.76 718.59 577.97 1.99 1.77 4.44 4.51 1.49 44.12 1.56
Car 0.00 0 1.56 677.51 558.48 724.24 593.80 1.49 2.16 4.79 3.10 1.75 32.13 1.56