Car 0.00 0 1.56 659.77 565.32 726.18 617.18 1.49 2.16 4.79 1.99 1.76 23.29 1.56
Car 0.00 0 1.58 569.38 595.80 772.04 778.15 1.49 2.16 4.79 0.52 1.76 9.22 1.58
Car 0.00 0 1.57 656.84 581.50 719.68 647.00 1.38 1.48 2.21 1.25 1.82 16.22 1.57
Motorcycle 0.00 0 1.57 819.00 577.39 879.03 666.90 1.65 0.77 2.35 4.50 1.71 13.96 1.57
Car 0.00 0 1.03 727.10 552.16 749.48 571.77 1.53 0.87 2.19 8.06 1.78 52.42 1.03
Cyclist 0.00 0 1.56 759.69 557.26 779.93 591.22 1.61 0.87 1.51 6.48 1.69 32.00 1.56
Car 0.00 0 -0.08 826.36 550.76 896.86 570.66 1.57 1.80 5.37 18.49 1.71 53.63 -0.08
Car 0.00 0 1.16 752.60 552.06 800.24 576.87 1.54 2.04 4.97 10.10 1.75 47.11 1.16
Car 0.00 0 1.56 753.76 560.18 825.70 612.07 1.65 2.15 5.03 5.69 1.69 24.97 1.56
Car 0.00 0 1.67 782.34 274.20 1279.00 919.03 4.25 3.94 10.27 3.32 0.38 0.91 1.67
Car 0.00 0 1.56 688.59 547.16 715.96 578.56 1.99 1.77 4.44 4.30 1.51 43.91 1.56
Car 0.00 0 1.56 674.74 558.98 721.81 594.58 1.49 2.16 4.79 2.95 1.76 31.91 1.56
Car 0.00 0 -1.58 559.10 565.50 628.37 615.43 1.50 1.85 3.63 -1.57 1.74 23.01 -1.58