Car 0.00 0 1.56 659.77 565.32 726.18 617.18 1.49 2.16 4.79 1.99 1.76 23.29 1.56
Car 0.00 0 1.58 569.38 595.80 772.04 778.15 1.49 2.16 4.79 0.52 1.76 9.22 1.58
Car 0.00 0 1.57 656.84 581.50 719.68 647.00 1.38 1.48 2.21 1.25 1.82 16.22 1.57
Motorcycle 0.00 0 1.57 801.88 571.60 848.40 644.32 1.65 0.77 2.35 4.79 1.71 16.72 1.57
Car 0.00 0 0.20 813.25 551.22 841.11 569.04 1.53 0.87 2.19 16.62 1.78 56.86 0.20
Cyclist 0.00 0 1.56 759.68 557.26 779.92 591.22 1.61 0.87 1.51 6.48 1.69 32.00 1.56
Car 0.00 0 -0.01 928.53 551.04 1005.78 571.11 1.57 1.80 5.37 26.83 1.71 52.63 -0.01
Car 0.00 0 0.88 774.58 551.94 831.54 573.60 1.54 2.04 4.97 12.78 1.74 49.99 0.88
Car 0.00 0 -1.96 634.87 550.04 650.28 569.80 1.62 0.58 1.66 0.23 1.70 55.16 -1.96
Car 0.00 0 1.56 753.76 560.14 825.70 612.13 1.65 2.15 5.03 5.69 1.69 24.97 1.56
Car 0.00 0 1.62 750.61 0.00 1279.00 1079.00 4.25 3.94 10.27 3.56 0.37 5.63 1.62
Car 0.00 0 1.56 690.47 546.75 715.62 575.24 1.99 1.77 4.44 4.72 1.51 47.57 1.56
Car 0.00 0 1.56 674.74 558.97 721.81 594.57 1.49 2.16 4.79 2.95 1.76 31.91 1.56
Car 0.00 0 -1.58 434.12 581.50 575.16 677.92 1.50 1.85 3.63 -2.66 1.74 13.44 -1.58