Car 0.00 0 1.56 659.77 565.32 726.18 617.18 1.49 2.16 4.79 1.99 1.76 23.29 1.56
Car 0.00 0 1.58 569.38 595.80 772.04 778.15 1.49 2.16 4.79 0.52 1.76 9.22 1.58
Car 0.00 0 1.57 656.84 581.50 719.68 647.00 1.38 1.48 2.21 1.25 1.82 16.22 1.57
Car 0.00 0 -2.24 678.51 549.08 730.89 568.51 1.65 2.15 5.03 6.01 1.69 59.00 -2.24
Motorcycle 0.00 0 1.57 801.88 571.61 848.40 644.32 1.65 0.77 2.35 4.79 1.71 16.72 1.57
Car 0.00 0 0.13 826.37 551.19 854.24 569.04 1.53 0.87 2.19 17.80 1.78 56.89 0.13
Cyclist 0.00 0 1.56 759.68 557.26 779.92 591.22 1.61 0.87 1.51 6.48 1.69 32.00 1.56
Car 0.00 0 -0.01 935.01 550.86 1012.86 571.25 1.57 1.80 5.37 27.36 1.72 52.57 -0.01
Car 0.00 0 0.82 780.88 551.78 839.75 573.24 1.54 2.04 4.97 13.48 1.74 50.52 0.82
Car 0.00 0 -1.88 629.81 550.22 644.57 570.37 1.62 0.58 1.66 -0.23 1.70 54.16 -1.88
Car 0.00 0 1.56 753.76 560.14 825.70 612.13 1.65 2.15 5.03 5.69 1.69 24.97 1.56
Car 0.00 0 1.62 750.57 0.00 1279.00 1079.00 4.25 3.94 10.27 3.56 0.38 5.61 1.62
Car 0.00 0 1.56 690.64 546.60 715.59 575.14 1.99 1.77 4.44 4.76 1.51 47.93 1.56
Car 0.00 0 1.56 674.74 558.97 721.81 594.57 1.49 2.16 4.79 2.95 1.76 31.91 1.56
Car 0.00 0 -1.58 402.70 585.03 563.45 693.78 1.50 1.85 3.63 -2.79 1.74 12.25 -1.58