Car 0.00 0 1.56 659.77 565.32 726.18 617.18 1.49 2.16 4.79 1.99 1.76 23.29 1.56
Car 0.00 0 1.58 569.38 595.80 772.04 778.15 1.49 2.16 4.79 0.52 1.76 9.22 1.58
Car 0.00 0 1.57 656.84 581.50 719.68 647.00 1.38 1.48 2.21 1.25 1.82 16.22 1.57
Motorcycle 0.00 0 1.57 801.89 571.57 848.40 644.35 1.65 0.77 2.35 4.79 1.71 16.72 1.57
Car 0.00 0 0.38 790.25 551.22 817.61 569.34 1.53 0.87 2.19 14.48 1.78 56.55 0.38
Cyclist 0.00 0 1.56 759.68 557.26 779.93 591.22 1.61 0.87 1.51 6.48 1.69 32.00 1.56
Car 0.00 0 -0.02 898.34 550.90 973.83 571.02 1.57 1.80 5.37 24.40 1.71 52.89 -0.02
Car 0.00 0 0.96 767.64 552.07 822.07 574.16 1.54 2.04 4.97 11.98 1.74 49.30 0.96
Car 0.00 0 -2.09 646.76 549.74 662.84 568.77 1.62 0.58 1.66 1.33 1.70 57.02 -2.09
Car 0.00 0 1.56 753.76 560.14 825.70 612.13 1.65 2.15 5.03 5.69 1.69 24.97 1.56
Car 0.00 0 1.62 750.60 0.00 1279.00 1079.00 4.25 3.94 10.27 3.56 0.37 5.61 1.62
Car 0.00 0 1.56 690.10 546.74 715.69 576.06 1.99 1.77 4.44 4.63 1.51 46.80 1.56
Car 0.00 0 1.56 674.74 558.98 721.81 594.57 1.49 2.16 4.79 2.95 1.76 31.91 1.56
Car 0.00 0 -1.58 473.81 576.65 590.82 658.11 1.50 1.85 3.63 -2.43 1.74 15.40 -1.58