Car 0.00 0 0.37 760.46 558.16 857.03 588.53 1.49 2.16 4.79 9.29 1.79 35.28 0.37
Car 0.00 0 1.56 571.85 584.77 711.01 702.00 1.49 2.16 4.79 0.03 1.77 12.35 1.56
Car 0.00 0 1.56 622.11 567.98 661.50 607.47 1.38 1.48 2.21 0.07 1.84 25.17 1.56
Cyclist 0.00 0 -0.03 947.48 557.63 985.68 590.17 1.61 0.87 1.51 16.65 1.72 32.65 -0.03
Motorcycle 0.00 0 1.56 785.66 581.44 857.77 681.35 1.65 0.77 2.35 3.53 1.72 12.67 1.56
Car 0.00 0 -0.17 809.97 559.09 853.28 589.87 1.52 0.80 2.04 9.83 1.76 32.89 -0.17
Cyclist 0.00 0 0.92 787.87 560.53 820.94 600.67 1.61 0.87 1.51 7.06 1.71 27.44 0.92
Car 0.00 0 -0.00 1256.30 558.26 1279.00 591.14 1.57 1.80 5.37 34.89 1.74 32.55 -0.00
Car 0.00 0 3.13 965.01 556.57 1042.36 577.95 1.39 1.99 4.18 24.94 1.86 43.99 3.13
Car 0.00 0 0.02 1069.70 559.05 1197.74 591.77 1.54 2.04 4.97 24.92 1.77 32.43 0.02
Car 0.00 0 1.45 727.97 564.72 810.42 631.47 1.65 2.15 5.03 3.94 1.71 20.35 1.45
Car 0.00 0 1.56 778.08 239.88 1279.00 968.28 4.25 3.94 10.27 3.37 0.38 1.39 1.56
Car 0.00 0 3.14 1060.57 526.16 1208.12 578.19 3.46 2.89 7.94 33.86 0.81 44.05 3.14
Car 0.00 0 -0.00 1032.76 558.13 1144.80 586.51 1.49 2.16 4.79 25.15 1.79 36.00 -0.00