Car 0.00 0 0.04 862.87 559.69 973.83 590.97 1.49 2.16 4.79 14.29 1.80 33.05 0.04
Car 0.00 0 1.56 572.44 584.32 708.85 698.72 1.49 2.16 4.79 0.01 1.78 12.55 1.56
Car 0.00 0 1.56 622.16 566.83 659.64 604.28 1.38 1.48 2.21 0.04 1.85 26.40 1.56
Cyclist 0.00 0 -0.03 975.72 559.34 1018.56 595.13 1.61 0.87 1.51 16.59 1.72 29.76 -0.03
Motorcycle 0.00 0 1.56 823.04 592.37 930.09 729.09 1.65 0.77 2.35 3.51 1.72 9.76 1.56
Car 0.00 0 -0.17 824.97 560.92 873.12 594.80 1.52 0.80 2.04 9.78 1.76 29.99 -0.17
Cyclist 0.00 0 0.92 804.45 562.89 840.87 608.11 1.61 0.87 1.51 7.01 1.71 24.54 0.92
Car 0.00 0 3.13 986.07 557.74 1070.00 580.70 1.39 1.99 4.18 24.86 1.86 41.12 3.13
Car 0.00 0 0.02 1109.09 560.86 1252.49 597.02 1.54 2.04 4.97 24.87 1.77 29.55 0.02
Car 0.00 0 1.45 739.54 568.30 842.58 649.36 1.65 2.15 5.03 3.91 1.71 17.44 1.45
Car 0.00 0 3.14 1087.73 525.20 1247.73 580.98 3.46 2.89 7.94 33.79 0.81 41.20 3.14
Car 0.00 0 -0.00 1129.68 559.58 1258.08 590.72 1.49 2.16 4.79 28.59 1.80 33.16 -0.00