Car 0.00 0 2.17 507.33 561.67 602.08 603.54 1.49 2.16 4.79 -3.83 1.78 27.97 2.17
Car 0.00 0 1.56 574.28 582.95 705.78 692.73 1.49 2.16 4.79 0.00 1.77 12.93 1.56
Car 0.00 0 3.13 1107.29 560.88 1170.09 588.25 1.38 1.48 2.21 26.72 1.84 34.34 3.13
Car 0.00 0 3.13 957.97 554.58 1064.09 584.15 1.65 2.15 5.03 21.86 1.71 37.86 3.13
Truck 0.00 0 -2.90 0.00 547.24 62.18 587.35 2.10 2.39 6.27 -36.95 1.47 35.95 -2.90
Car 0.00 0 0.05 45.99 549.67 176.88 594.58 2.04 2.07 4.48 -25.21 1.50 30.67 0.05
Car 0.00 0 1.00 757.62 566.52 841.34 610.43 1.39 1.99 4.18 6.37 1.83 25.24 1.00
Car 0.00 0 -3.09 981.79 557.44 1069.51 587.81 1.55 1.79 3.71 20.84 1.74 34.68 -3.09
Car 0.00 0 0.31 813.04 499.51 1046.03 598.82 4.25 3.94 10.27 13.92 0.39 30.88 0.31
Car 0.00 0 -3.12 132.94 558.31 225.79 587.95 1.50 1.85 3.63 -24.66 1.76 34.36 -3.12
Car 0.00 0 3.13 1098.12 523.49 1274.36 584.40 3.46 2.89 7.94 32.09 0.79 37.83 3.13