Car 0.00 0 1.62 767.46 560.59 836.09 599.87 1.49 2.16 4.79 7.58 1.78 29.65 1.62
Car 0.00 0 1.89 624.48 587.51 778.61 722.57 1.49 2.16 4.79 1.27 1.77 11.35 1.89
Car 0.00 0 1.76 724.43 574.50 782.32 627.32 1.38 1.48 2.21 3.55 1.83 19.82 1.76
Truck 0.00 0 -1.58 748.16 546.42 815.68 584.25 2.10 2.39 6.27 8.96 1.48 39.87 -1.58
Motorcycle 0.00 0 1.59 880.36 557.86 902.77 594.27 1.65 0.77 2.35 12.30 1.73 31.26 1.59
Car 0.00 0 -1.58 741.88 541.32 797.87 575.62 2.43 2.35 6.37 10.02 1.32 48.91 -1.58
Truck 0.00 0 1.89 823.42 558.52 1063.64 733.91 2.10 2.39 6.27 4.85 1.46 11.53 1.89
Cyclist 0.00 0 1.56 915.88 552.62 931.31 576.21 1.61 0.87 1.51 20.17 1.72 45.51 1.56
Car 0.00 0 1.56 915.63 551.83 948.79 573.15 1.54 2.04 4.97 23.65 1.77 51.71 1.56
Car 0.00 0 -1.25 161.48 594.54 434.70 713.44 1.30 1.89 4.72 -5.83 1.86 11.76 -1.25
Car 0.00 0 -1.58 826.30 551.93 859.34 570.74 1.48 1.97 3.81 17.46 1.80 54.98 -1.58
Car 0.00 0 1.56 885.04 553.85 933.49 585.32 1.65 2.15 5.03 16.31 1.72 38.61 1.56
Car 0.00 0 1.73 787.26 470.65 947.80 640.43 4.25 3.94 10.27 7.57 0.39 21.53 1.73
Car 0.00 0 1.56 869.64 546.43 900.75 572.11 1.99 1.77 4.44 20.30 1.54 52.89 1.56
Car 0.00 0 1.57 830.78 555.08 879.11 581.31 1.49 2.16 4.79 14.12 1.79 41.86 1.57