Car 0.00 0 1.56 694.31 561.57 750.36 604.40 1.49 2.16 4.79 3.62 1.75 27.37 1.56
Car 0.00 0 1.60 617.62 584.64 761.37 708.82 1.49 2.16 4.79 1.06 1.76 12.02 1.60
Car 0.00 0 1.57 690.37 573.19 740.44 623.86 1.38 1.48 2.21 2.44 1.81 20.35 1.57
Motorcycle 0.00 0 1.59 854.64 583.66 930.10 694.31 1.65 0.77 2.35 4.54 1.70 11.69 1.59
Car 0.00 0 1.16 748.50 551.46 768.17 570.39 1.53 0.87 2.19 10.06 1.76 54.33 1.16
Car 0.00 0 0.40 858.49 551.10 921.15 569.33 1.49 1.84 4.89 21.68 1.73 55.58 0.40
Cyclist 0.00 0 1.57 795.23 559.52 819.13 598.94 1.61 0.87 1.51 7.25 1.68 27.81 1.57
Car 0.00 0 -1.56 149.52 582.92 431.02 708.66 1.51 2.13 4.90 -6.10 1.74 12.08 -1.56
Car 0.00 0 1.56 775.03 556.33 820.02 589.63 1.54 2.04 4.97 8.47 1.72 34.80 1.56
Car 0.00 0 1.56 788.46 564.31 880.95 632.96 1.65 2.15 5.03 5.88 1.69 19.95 1.56
Car 0.00 0 1.73 781.16 273.43 1279.00 923.08 4.25 3.94 10.27 3.30 0.38 0.94 1.73
Car 0.00 0 1.56 723.17 546.35 748.70 575.02 1.99 1.77 4.44 7.20 1.49 47.78 1.56
Car 0.00 0 1.56 708.88 556.72 750.78 587.88 1.49 2.16 4.79 5.11 1.75 35.89 1.56