Car 0.00 0 1.56 659.77 565.13 726.18 616.99 1.49 2.16 4.79 1.99 1.76 23.29 1.56
Car 0.00 0 1.58 569.38 595.61 772.05 777.95 1.49 2.16 4.79 0.52 1.76 9.22 1.58
Car 0.00 0 1.57 656.84 581.31 719.68 646.80 1.38 1.48 2.21 1.25 1.82 16.22 1.57
Motorcycle 0.00 0 1.59 898.70 603.44 1050.49 788.83 1.65 0.77 2.35 3.88 1.70 7.70 1.59
Car 0.00 0 0.02 925.87 527.73 1042.62 571.43 3.46 2.89 7.94 28.06 0.76 52.47 0.02
Car 0.00 0 1.16 714.76 552.37 735.45 572.78 1.53 0.87 2.19 6.74 1.77 50.60 1.16
Car 0.00 0 0.40 829.98 551.76 894.88 571.22 1.49 1.84 4.89 18.26 1.74 52.58 0.40
Cyclist 0.00 0 1.57 775.27 562.68 804.24 608.79 1.61 0.87 1.51 5.59 1.68 23.96 1.57
Car 0.00 0 -0.55 718.25 549.85 782.29 569.27 1.57 1.80 5.37 9.72 1.70 56.69 -0.55
Car 0.00 0 1.56 747.37 558.29 800.16 596.27 1.54 2.04 4.97 6.38 1.73 31.01 1.56
Car 0.00 0 1.56 774.24 569.60 902.55 659.93 1.65 2.15 5.03 4.71 1.69 16.04 1.56
Car 0.00 0 1.56 688.58 546.98 715.96 578.36 1.99 1.77 4.44 4.30 1.50 43.89 1.56
Car 0.00 0 1.56 674.72 558.79 721.81 594.41 1.49 2.16 4.79 2.95 1.75 31.90 1.56
Car 0.00 0 -2.13 673.59 550.65 713.35 568.60 1.50 1.85 3.63 4.80 1.72 57.13 -2.13