Car 0.00 0 1.57 772.32 558.23 825.59 591.18 1.49 2.16 4.79 8.57 1.79 34.21 1.57
Car 0.00 0 1.75 628.16 584.28 767.26 705.33 1.49 2.16 4.79 1.32 1.77 12.30 1.75
Car 0.00 0 1.60 742.91 568.47 790.56 610.50 1.38 1.48 2.21 4.84 1.84 24.31 1.60
Truck 0.00 0 -1.43 422.92 555.53 637.28 690.10 2.10 2.39 6.27 -1.94 1.46 14.02 -1.43
Motorcycle 0.00 0 1.59 851.75 562.83 874.40 611.28 1.65 0.77 2.35 8.41 1.72 24.08 1.59
Car 0.00 0 -1.54 505.98 542.13 631.68 614.88 2.43 2.35 6.37 -2.51 1.31 24.93 -1.54
Truck 0.00 0 1.89 886.51 579.03 1279.00 1079.00 2.10 2.39 6.27 3.62 1.46 3.54 1.89
Cyclist 0.00 0 1.56 865.74 554.56 881.51 582.08 1.61 0.87 1.51 14.33 1.72 39.24 1.56
Car 0.00 0 -1.58 700.17 553.17 745.28 576.58 1.51 2.13 4.90 6.15 1.78 47.06 -1.58
Car 0.00 0 1.56 860.09 553.24 892.21 577.64 1.54 2.04 4.97 16.97 1.77 45.85 1.56
Car 0.00 0 -1.58 681.23 560.22 741.43 595.70 1.48 1.97 3.81 3.54 1.79 31.13 -1.58
Car 0.00 0 1.56 842.69 556.49 892.26 595.73 1.65 2.15 5.03 11.41 1.72 31.90 1.56
Car 0.00 0 1.73 777.56 406.99 1088.05 731.86 4.25 3.94 10.27 5.00 0.39 13.81 1.73
Car 0.00 0 1.56 824.53 546.08 849.82 570.13 1.99 1.77 4.44 17.41 1.55 56.41 1.56
Car 0.00 0 1.56 804.74 553.87 842.78 577.39 1.49 2.16 4.79 13.28 1.80 46.06 1.56