Car 0.00 0 1.58 773.87 557.48 833.83 592.02 1.49 2.16 4.79 8.53 1.72 32.99 1.58
Car 0.00 0 1.87 607.05 588.07 771.59 733.63 1.49 2.16 4.79 0.98 1.75 10.79 1.87
Car 0.00 0 1.67 729.38 569.58 782.25 615.24 1.38 1.48 2.21 4.09 1.79 22.44 1.67
Truck 0.00 0 -1.56 661.36 546.95 752.06 598.55 2.10 2.39 6.27 3.33 1.42 30.30 -1.56
Motorcycle 0.00 0 1.59 860.18 558.02 882.57 597.80 1.65 0.77 2.35 10.43 1.67 28.82 1.59
Car 0.00 0 -1.58 667.04 540.26 738.14 582.97 2.43 2.35 6.37 4.04 1.24 39.99 -1.58
Truck 0.00 0 1.89 820.41 560.94 1224.56 834.89 2.10 2.39 6.27 4.16 1.44 8.68 1.89
Cyclist 0.00 0 1.56 888.88 551.91 904.26 576.62 1.61 0.87 1.51 17.45 1.63 43.51 1.56
Car 0.00 0 1.56 886.85 550.96 919.26 573.14 1.54 2.04 4.97 20.56 1.67 49.90 1.56
Car 0.00 0 -1.58 772.33 552.74 811.39 575.36 1.48 1.97 3.81 11.04 1.70 46.38 -1.58
Car 0.00 0 1.56 860.81 553.35 909.16 587.04 1.65 2.15 5.03 14.00 1.65 36.39 1.56
Car 0.00 0 1.73 771.21 455.33 963.80 659.31 4.25 3.94 10.27 6.28 0.35 18.83 1.73
Car 0.00 0 1.56 847.72 544.90 876.07 569.86 1.99 1.77 4.44 19.01 1.44 54.73 1.56
Car 0.00 0 1.56 817.36 553.27 861.04 578.10 1.49 2.16 4.79 13.68 1.71 43.77 1.56