Car 0.00 0 1.56 659.77 565.32 726.18 617.18 1.49 2.16 4.79 1.99 1.76 23.29 1.56
Car 0.00 0 1.58 569.38 595.80 772.04 778.15 1.49 2.16 4.79 0.52 1.76 9.22 1.58
Car 0.00 0 1.57 656.84 581.50 719.68 647.00 1.38 1.48 2.21 1.25 1.82 16.22 1.57
Car 0.00 0 -1.60 631.31 552.04 671.05 579.00 1.65 2.15 5.03 0.84 1.69 43.88 -1.60
Cyclist 0.00 0 -0.74 709.56 549.39 728.48 567.28 1.61 0.87 1.51 7.30 1.69 59.17 -0.74
Motorcycle 0.00 0 1.57 801.88 571.61 848.40 644.31 1.65 0.77 2.35 4.79 1.71 16.72 1.57
Cyclist 0.00 0 1.56 759.68 557.26 779.91 591.21 1.61 0.87 1.51 6.48 1.69 32.01 1.56
Car 0.00 0 0.11 879.72 551.51 950.69 571.10 1.54 2.04 4.97 22.63 1.74 52.75 0.11
Car 0.00 0 -1.60 579.64 554.34 594.90 582.39 1.62 0.58 1.66 -3.19 1.70 38.85 -1.60
Car 0.00 0 1.56 753.76 560.14 825.70 612.13 1.65 2.15 5.03 5.69 1.69 24.97 1.56
Car 0.00 0 1.62 750.58 0.00 1279.00 1079.00 4.25 3.94 10.27 3.56 0.38 5.61 1.62
Car 0.00 0 1.56 691.86 546.24 715.39 573.14 1.99 1.77 4.44 5.07 1.51 50.71 1.56
Car 0.00 0 1.56 674.75 558.98 721.81 594.57 1.49 2.16 4.79 2.95 1.76 31.92 1.56