Car 0.00 0 1.56 659.77 565.32 726.18 617.18 1.49 2.16 4.79 1.99 1.76 23.29 1.56
Car 0.00 0 1.58 569.38 595.80 772.04 778.15 1.49 2.16 4.79 0.52 1.76 9.22 1.58
Car 0.00 0 1.57 656.84 581.50 719.68 647.00 1.38 1.48 2.21 1.25 1.82 16.22 1.57
Motorcycle 0.00 0 1.57 829.24 580.64 898.55 681.33 1.65 0.77 2.35 4.37 1.71 12.67 1.57
Car 0.00 0 1.13 716.42 552.54 737.64 572.75 1.53 0.87 2.19 6.93 1.78 50.88 1.13
Car 0.00 0 0.02 944.35 552.03 1016.68 571.21 1.49 1.84 4.89 27.81 1.76 52.40 0.02
Cyclist 0.00 0 1.56 759.68 557.23 779.93 591.25 1.61 0.87 1.51 6.48 1.69 32.00 1.56
Car 0.00 0 -0.13 807.90 550.81 876.34 570.49 1.57 1.80 5.37 16.94 1.72 53.88 -0.13
Car 0.00 0 1.27 746.25 552.99 789.21 577.23 1.54 2.04 4.97 9.15 1.74 45.52 1.27
Car 0.00 0 1.56 753.95 560.34 826.35 612.37 1.65 2.15 5.03 5.68 1.69 24.84 1.56
Car 0.00 0 1.56 688.58 547.17 715.96 578.55 1.99 1.77 4.44 4.30 1.51 43.89 1.56
Car 0.00 0 1.56 674.74 558.98 721.81 594.58 1.49 2.16 4.79 2.95 1.76 31.91 1.56
Car 0.00 0 -1.58 574.12 563.23 635.60 608.09 1.50 1.85 3.63 -1.31 1.74 25.32 -1.58