Car 0.00 0 1.56 669.82 561.13 723.21 601.96 1.49 2.16 4.79 2.56 1.76 28.41 1.56
Car 0.00 0 1.58 569.38 595.80 772.04 778.15 1.49 2.16 4.79 0.52 1.76 9.22 1.58
Car 0.00 0 1.57 660.28 578.61 718.62 639.48 1.38 1.48 2.21 1.37 1.82 17.39 1.57
Cyclist 0.00 0 -0.03 893.57 550.52 915.40 570.29 1.61 0.87 1.51 22.02 1.69 53.29 -0.03
Motorcycle 0.00 0 1.56 796.00 569.73 838.07 636.49 1.65 0.77 2.35 4.93 1.71 17.96 1.56
Car 0.00 0 -0.17 807.49 551.30 832.71 569.75 1.52 0.80 2.04 15.27 1.73 54.28 -0.17
Cyclist 0.00 0 1.56 754.01 555.23 771.66 584.84 1.61 0.87 1.51 6.98 1.69 36.43 1.56
Car 0.00 0 -1.58 594.31 551.27 626.63 574.43 1.62 1.85 3.99 -2.20 1.70 48.72 -1.58
Car 0.00 0 1.56 749.60 558.13 812.14 603.60 1.65 2.15 5.03 6.03 1.69 27.98 1.56
Car 0.00 0 1.62 750.58 0.00 1279.00 1079.00 4.25 3.94 10.27 3.56 0.38 5.61 1.62
Car 0.00 0 1.56 682.24 555.56 719.81 583.52 1.49 2.16 4.79 3.79 1.76 39.40 1.56