Car 0.00 0 1.55 655.62 556.85 697.39 588.16 1.49 2.16 4.79 2.07 1.75 35.59 1.55
Car 0.00 0 1.57 600.64 582.20 732.51 693.37 1.49 2.16 4.79 0.57 1.76 12.90 1.57
Car 0.00 0 1.56 653.36 568.51 695.04 610.55 1.38 1.48 2.21 1.29 1.81 23.88 1.56
Cyclist 0.00 0 -0.03 878.63 550.90 901.77 571.88 1.61 0.87 1.51 19.63 1.67 50.24 -0.03
Motorcycle 0.00 0 1.56 758.70 563.56 790.47 615.91 1.65 0.77 2.35 4.69 1.70 22.46 1.56
Car 0.00 0 -0.17 788.22 551.77 814.99 571.45 1.52 0.80 2.04 12.84 1.71 50.91 -0.17
Cyclist 0.00 0 1.24 739.06 552.95 758.13 579.39 1.61 0.87 1.51 7.02 1.67 41.34 1.24
Car 0.00 0 -1.58 502.91 556.75 559.47 594.54 1.62 1.85 3.99 -5.24 1.68 31.33 -1.58
Car 0.00 0 0.02 961.41 551.99 1040.91 573.01 1.54 2.04 4.97 27.86 1.72 49.49 0.02
Car 0.00 0 1.56 721.13 555.52 773.63 593.32 1.65 2.15 5.03 5.37 1.68 32.63 1.56
Car 0.00 0 1.57 728.55 265.83 1279.00 936.40 4.25 3.94 10.27 3.70 0.38 9.29 1.57
Car 0.00 0 1.10 682.18 552.61 734.68 575.00 1.49 2.16 4.79 5.20 1.74 48.06 1.10