Car 0.00 0 1.54 649.68 557.24 691.39 588.51 1.49 2.16 4.79 1.76 1.77 35.62 1.54
Car 0.00 0 1.57 596.82 582.35 727.40 692.17 1.49 2.16 4.79 0.48 1.77 13.00 1.57
Car 0.00 0 1.56 648.04 568.86 689.51 610.55 1.38 1.48 2.21 1.09 1.83 23.99 1.56
Cyclist 0.00 0 -0.03 875.26 551.43 898.71 572.71 1.61 0.87 1.51 19.11 1.70 49.53 -0.03
Motorcycle 0.00 0 1.56 753.52 564.20 785.55 616.49 1.65 0.77 2.35 4.50 1.71 22.37 1.56
Car 0.00 0 -0.17 783.73 552.33 810.90 572.32 1.52 0.80 2.04 12.31 1.74 50.14 -0.17
Cyclist 0.00 0 1.19 736.97 553.41 756.78 579.83 1.61 0.87 1.51 6.89 1.70 41.24 1.19
Car 0.00 0 -1.58 484.58 558.26 546.19 598.79 1.62 1.85 3.99 -5.63 1.70 29.39 -1.58
Car 0.00 0 0.02 958.80 552.51 1039.13 573.78 1.54 2.04 4.97 27.34 1.75 48.87 0.02
Car 0.00 0 1.56 715.46 555.93 768.27 594.00 1.65 2.15 5.03 5.07 1.70 32.49 1.56
Car 0.00 0 1.57 725.49 215.08 1279.00 958.71 4.25 3.94 10.27 3.62 0.37 8.89 1.57
Car 0.00 0 1.02 683.09 552.98 738.47 575.29 1.49 2.16 4.79 5.39 1.77 48.17 1.02