Truck 0.00 0 -1.58 677.33 544.81 715.36 573.90 2.10 2.39 6.27 4.54 1.45 50.59 -1.58
Motorcycle 0.00 0 1.59 845.13 580.41 909.86 679.73 1.65 0.77 2.35 4.69 1.71 12.80 1.59
Car 0.00 0 -1.58 645.06 540.79 681.88 569.93 2.43 2.35 6.37 2.17 1.29 56.94 -1.58
Car 0.00 0 1.56 716.65 556.10 751.73 587.75 1.55 1.79 3.71 5.29 1.73 35.64 1.56
Car 0.00 0 1.56 715.78 562.66 738.56 601.80 1.53 0.87 2.19 3.77 1.78 27.54 1.56
Cyclist 0.00 0 1.56 797.31 559.10 819.68 597.06 1.61 0.87 1.51 7.57 1.69 28.83 1.56
Car 0.00 0 1.56 778.78 556.15 821.94 588.38 1.54 2.04 4.97 8.88 1.74 35.81 1.56
Car 0.00 0 -1.58 467.67 570.36 566.95 618.50 1.30 1.89 4.72 -4.23 1.86 22.93 -1.58
Car 0.00 0 1.50 721.00 526.73 767.11 574.55 3.46 2.89 7.94 8.34 0.77 50.53 1.50
Car 0.00 0 1.56 789.09 563.43 874.21 627.69 1.65 2.15 5.03 6.13 1.69 21.05 1.56
Car 0.00 0 1.58 671.49 556.35 745.10 642.83 1.99 1.77 4.44 2.03 1.51 17.93 1.58
Car 0.00 0 1.63 567.89 597.06 778.85 789.43 1.49 2.16 4.79 0.60 1.76 8.94 1.63