Truck 0.00 0 -1.57 0.00 578.18 429.89 1079.00 2.10 2.39 6.27 -3.52 1.46 3.65 -1.57
Car 0.00 0 -1.58 92.93 543.05 420.40 713.90 2.43 2.35 6.37 -6.66 1.29 12.46 -1.58
Car 0.00 0 0.03 898.18 526.60 1026.05 575.23 3.46 2.89 7.94 23.52 0.78 47.02 0.03
Car 0.00 0 1.56 652.14 552.65 677.90 576.04 1.55 1.79 3.71 1.82 1.73 46.33 1.56
Car 0.00 0 1.54 656.75 558.03 673.60 587.75 1.53 0.87 2.19 1.40 1.78 35.19 1.54
Car 0.00 0 0.50 793.41 553.53 863.41 576.31 1.49 1.84 4.89 13.57 1.76 46.05 0.50
Cyclist 0.00 0 1.56 772.12 571.99 816.53 638.89 1.61 0.87 1.51 4.06 1.69 16.94 1.56
Car 0.00 0 -1.02 634.48 550.51 686.13 571.33 1.57 1.80 5.37 1.63 1.71 53.83 -1.02
Car 0.00 0 0.01 1057.11 552.46 1090.18 574.72 1.59 0.87 1.82 31.62 1.71 46.68 0.01
Car 0.00 0 -1.61 516.49 555.95 571.35 586.39 1.51 2.13 4.90 -5.47 1.75 37.12 -1.61
Car 0.00 0 1.56 722.92 563.39 796.98 614.65 1.54 2.04 4.97 4.36 1.74 24.04 1.56
Car 0.00 0 -0.01 892.28 527.53 1010.98 572.79 3.46 2.89 7.94 24.46 0.78 50.55 -0.01
Car 0.00 0 -1.58 512.41 568.49 592.33 623.43 1.48 1.97 3.81 -2.78 1.77 21.16 -1.58
Car 0.00 0 1.56 792.17 587.97 1104.70 788.82 1.65 2.15 5.03 3.73 1.69 9.03 1.56
Car 0.00 0 1.56 637.98 552.19 687.21 609.30 1.99 1.77 4.44 0.91 1.51 25.31 1.56
Car 0.00 0 1.56 591.93 582.63 724.09 693.87 1.49 2.16 4.79 0.38 1.76 12.87 1.56
Car 0.00 0 -2.72 706.12 550.83 752.39 568.86 1.50 1.85 3.63 7.92 1.74 56.83 -2.72