Truck 0.00 0 -1.58 552.62 550.35 646.63 618.25 2.10 2.39 6.27 -1.29 1.49 23.96 -1.58
Motorcycle 0.00 0 1.59 886.56 599.84 1017.55 765.92 1.65 0.77 2.35 3.97 1.72 8.40 1.59
Car 0.00 0 -1.58 521.04 542.16 598.54 596.74 2.43 2.35 6.37 -3.83 1.33 31.99 -1.58
Car 0.00 0 0.03 918.34 528.95 1033.39 572.20 3.46 2.89 7.94 27.66 0.85 53.00 0.03
Car 0.00 0 1.56 695.92 553.40 721.73 576.89 1.55 1.79 3.71 5.02 1.79 46.44 1.56
Car 0.00 0 1.56 697.95 558.29 714.19 587.52 1.53 0.87 2.19 3.74 1.83 36.08 1.56
Car 0.00 0 0.50 822.54 552.73 885.31 572.23 1.49 1.84 4.89 17.66 1.83 52.83 0.50
Cyclist 0.00 0 1.56 778.95 563.16 806.55 608.08 1.61 0.87 1.51 5.85 1.72 24.57 1.56
Car 0.00 0 -2.06 628.30 551.57 678.53 570.16 1.51 2.13 4.90 1.25 1.82 57.10 -2.06
Car 0.00 0 1.56 752.31 558.99 803.76 596.14 1.54 2.04 4.97 6.72 1.78 31.63 1.56
Car 0.00 0 -1.58 633.41 556.16 670.26 582.05 1.48 1.97 3.81 0.81 1.82 40.89 -1.58
Car 0.00 0 1.56 776.35 569.56 896.80 655.22 1.65 2.15 5.03 4.89 1.72 16.72 1.56
Car 0.00 0 1.56 673.47 553.16 724.43 612.80 1.99 1.77 4.44 2.32 1.54 24.58 1.56
Car 0.00 0 1.58 613.01 584.31 750.05 701.34 1.49 2.16 4.79 0.90 1.78 12.50 1.58