Truck 0.00 0 -1.58 679.43 544.70 716.38 573.03 2.10 2.39 6.27 4.77 1.45 51.83 -1.58
Motorcycle 0.00 0 1.59 845.13 580.41 909.86 679.73 1.65 0.77 2.35 4.69 1.71 12.80 1.59
Car 0.00 0 -1.58 647.47 540.78 683.36 569.30 2.43 2.35 6.37 2.39 1.29 58.09 -1.58
Car 0.00 0 1.56 715.37 556.49 751.50 589.28 1.55 1.79 3.71 5.11 1.73 34.66 1.56
Car 0.00 0 1.56 714.20 563.58 737.87 603.89 1.53 0.87 2.19 3.60 1.78 26.61 1.56
Cyclist 0.00 0 1.56 797.31 559.10 819.68 597.06 1.61 0.87 1.51 7.57 1.69 28.83 1.56
Car 0.00 0 1.56 778.78 556.15 821.94 588.38 1.54 2.04 4.97 8.88 1.74 35.81 1.56
Car 0.00 0 -1.58 486.04 568.78 577.13 613.50 1.30 1.89 4.72 -3.97 1.86 24.32 -1.58
Car 0.00 0 1.53 720.41 526.50 764.29 575.39 3.46 2.89 7.94 8.04 0.77 49.50 1.53
Car 0.00 0 1.56 789.09 563.43 874.21 627.69 1.65 2.15 5.03 6.13 1.69 21.05 1.56
Car 0.00 0 1.58 671.49 556.35 745.10 642.83 1.99 1.77 4.44 2.03 1.51 17.93 1.58
Car 0.00 0 1.63 567.89 597.06 778.85 789.43 1.49 2.16 4.79 0.60 1.76 8.94 1.63