Truck 0.00 0 -1.58 647.63 546.89 699.22 585.48 2.10 2.39 6.27 2.16 1.50 39.16 -1.58
Motorcycle 0.00 0 1.59 850.28 583.51 921.99 690.31 1.65 0.77 2.35 4.56 1.72 12.04 1.59
Car 0.00 0 -1.58 613.14 541.74 660.94 578.06 2.43 2.35 6.37 -0.10 1.35 46.37 -1.58
Car 0.00 0 1.56 719.78 554.58 748.97 580.72 1.55 1.79 3.71 6.25 1.78 42.12 1.56
Car 0.00 0 1.56 719.53 560.15 738.36 592.58 1.53 0.87 2.19 4.54 1.82 32.57 1.56
Car 0.00 0 0.50 846.67 552.10 907.37 570.45 1.49 1.84 4.89 20.61 1.83 55.67 0.50
Cyclist 0.00 0 1.56 795.15 560.37 818.31 599.38 1.61 0.87 1.51 7.30 1.73 28.09 1.56
Car 0.00 0 1.56 775.37 557.25 819.84 590.24 1.54 2.04 4.97 8.55 1.78 35.09 1.56
Car 0.00 0 -1.53 31.47 601.61 375.45 747.34 1.30 1.89 4.72 -6.37 1.87 10.22 -1.53
Car 0.00 0 0.98 742.09 529.29 816.79 570.59 3.46 2.89 7.94 12.65 0.85 57.54 0.98
Car 0.00 0 -1.58 684.92 552.24 711.49 570.77 1.48 1.97 3.81 5.08 1.83 55.46 -1.58
Car 0.00 0 1.56 787.70 564.98 877.66 632.16 1.65 2.15 5.03 5.93 1.72 20.30 1.56
Car 0.00 0 1.73 774.21 226.16 1279.00 941.36 4.25 3.94 10.27 3.30 0.37 1.32 1.73
Car 0.00 0 1.57 679.37 555.45 744.22 631.37 1.99 1.77 4.44 2.36 1.54 20.07 1.57
Car 0.00 0 1.61 593.58 591.67 767.89 746.42 1.49 2.16 4.79 0.80 1.78 10.32 1.61