Car 0.00 0 0.03 910.52 525.43 1056.32 580.94 3.46 2.89 7.94 22.10 0.82 41.47 0.03
Car 0.00 0 1.56 631.84 555.24 661.73 582.61 1.55 1.79 3.71 0.43 1.77 40.15 1.56
Car 0.00 0 1.26 653.80 558.22 679.27 587.19 1.53 0.87 2.19 1.52 1.82 36.22 1.26
Car 0.00 0 0.50 794.21 556.13 873.26 582.67 1.49 1.84 4.89 12.19 1.80 40.19 0.50
Cyclist 0.00 0 1.56 814.76 589.73 895.46 699.96 1.61 0.87 1.51 3.58 1.70 10.80 1.56
Cyclist 0.00 0 0.01 1194.28 554.29 1229.56 579.77 1.61 0.87 1.51 37.00 1.74 41.41 0.01
Car 0.00 0 -0.55 663.96 553.87 746.49 579.01 1.57 1.80 5.37 4.43 1.77 43.84 -0.55
Car 0.00 0 0.00 1114.51 554.70 1153.02 579.99 1.59 0.87 1.82 31.92 1.76 41.39 0.00
Car 0.00 0 -1.59 358.09 568.77 480.50 630.17 1.51 2.13 4.90 -6.79 1.77 20.36 -1.59
Car 0.00 0 1.56 723.67 571.18 833.50 644.95 1.54 2.04 4.97 3.66 1.76 17.90 1.56
Car 0.00 0 -0.01 1025.18 526.69 1167.82 577.65 3.46 2.89 7.94 31.90 0.83 44.95 -0.01
Car 0.00 0 -1.58 0.00 641.99 392.66 1079.00 1.48 1.97 3.81 -3.51 1.77 4.58 -1.58
Car 0.00 0 3.14 922.46 551.44 945.82 571.34 1.62 0.58 1.66 24.34 1.77 52.97 3.14
Car 0.00 0 1.56 929.23 643.39 1279.00 1079.00 1.65 2.15 5.03 3.50 1.70 2.89 1.56
Car 0.00 0 1.56 621.78 552.85 670.56 609.35 1.99 1.77 4.44 0.25 1.54 25.51 1.56
Car 0.00 0 1.56 581.46 582.28 708.02 687.47 1.49 2.16 4.79 0.11 1.78 13.34 1.56
Car 0.00 0 -2.72 692.40 552.84 744.00 573.14 1.50 1.85 3.63 6.20 1.80 50.79 -2.72