Car 0.00 0 0.03 908.08 525.42 1051.62 580.09 3.46 2.89 7.94 22.19 0.81 42.07 0.03
Car 0.00 0 1.56 633.32 554.78 662.72 581.68 1.55 1.79 3.71 0.52 1.76 40.79 1.56
Car 0.00 0 1.30 651.43 557.87 675.78 587.17 1.53 0.87 2.19 1.35 1.81 36.17 1.30
Car 0.00 0 0.50 793.17 555.66 871.11 581.75 1.49 1.84 4.89 12.27 1.79 40.81 0.50
Cyclist 0.00 0 1.56 807.03 586.93 881.64 690.23 1.61 0.87 1.51 3.61 1.70 11.43 1.56
Cyclist 0.00 0 0.01 1188.16 553.87 1222.83 578.99 1.61 0.87 1.51 37.08 1.73 41.98 0.01
Car 0.00 0 -0.58 660.56 553.19 741.00 578.23 1.57 1.80 5.37 4.20 1.75 44.65 -0.58
Car 0.00 0 0.00 1105.35 554.28 1143.14 579.17 1.59 0.87 1.82 31.74 1.74 41.97 0.00
Car 0.00 0 -1.59 386.81 566.25 494.39 621.60 1.51 2.13 4.90 -6.72 1.77 22.23 -1.59
Car 0.00 0 1.56 722.50 570.02 827.22 640.58 1.54 2.04 4.97 3.70 1.75 18.54 1.56
Car 0.00 0 -0.01 1007.78 526.64 1147.43 576.94 3.46 2.89 7.94 30.98 0.81 45.54 -0.01
Car 0.00 0 -1.58 0.00 620.34 447.45 904.21 1.48 1.97 3.81 -3.48 1.77 6.32 -1.58
Car 0.00 0 3.14 920.67 551.09 943.75 570.75 1.62 0.58 1.66 24.45 1.75 53.57 3.14
Car 0.00 0 1.56 900.18 632.31 1279.00 1079.00 1.65 2.15 5.03 3.51 1.70 3.53 1.56
Car 0.00 0 1.56 622.96 552.51 671.70 609.22 1.99 1.77 4.44 0.30 1.53 25.53 1.56
Car 0.00 0 1.56 582.23 582.05 709.29 688.01 1.49 2.16 4.79 0.13 1.77 13.29 1.56
Car 0.00 0 -2.72 693.12 552.45 744.09 572.49 1.50 1.85 3.63 6.31 1.78 51.42 -2.72