Car 0.00 0 3.14 914.77 552.38 1004.71 578.02 1.65 2.15 5.03 21.61 1.69 43.41 3.14
Car 0.00 0 -0.00 1139.11 519.82 1279.00 592.58 3.46 2.89 7.94 30.02 0.77 31.97 -0.00
Car 0.00 0 3.13 1106.58 554.74 1189.63 577.62 1.47 1.82 4.19 34.44 1.76 43.46 3.13
Car 0.00 0 1.16 660.85 562.45 696.82 601.38 1.53 0.87 2.19 1.70 1.78 27.69 1.16
Car 0.00 0 0.15 912.73 559.79 1027.80 592.79 1.49 1.84 4.89 16.21 1.75 31.50 0.15
Cyclist 0.00 0 1.56 1139.48 685.06 1279.00 1079.00 1.61 0.87 1.51 3.50 1.69 3.17 1.56
Car 0.00 0 -0.54 666.74 556.26 773.95 590.27 1.57 1.80 5.37 4.22 1.71 33.96 -0.54
Motorcycle 0.00 0 1.88 680.38 549.70 699.53 569.57 1.65 0.77 2.35 4.35 1.70 55.91 1.88
Car 0.00 0 1.56 737.56 577.83 894.44 680.85 1.54 2.04 4.97 3.51 1.74 13.88 1.56
Car 0.00 0 -3.09 807.52 552.96 834.74 577.56 1.62 0.58 1.66 12.21 1.70 43.17 -3.09
Car 0.00 0 1.56 610.01 554.33 671.29 626.42 1.99 1.77 4.44 0.02 1.51 20.75 1.56
Car 0.00 0 1.56 530.28 598.77 750.01 794.67 1.49 2.16 4.79 0.00 1.76 8.70 1.56
Car 0.00 0 -1.59 390.89 582.10 532.55 681.68 1.50 1.85 3.63 -3.44 1.74 13.08 -1.59