Car 0.00 0 -3.02 759.51 552.46 843.73 578.79 1.65 2.15 5.03 10.77 1.69 42.85 -3.02
Cyclist 0.00 0 -1.58 593.59 550.26 604.98 569.95 1.61 0.87 1.51 -3.43 1.68 53.95 -1.58
Car 0.00 0 3.14 943.89 554.78 1019.99 577.63 1.47 1.82 4.19 23.14 1.76 43.41 3.14
Car 0.00 0 1.07 672.08 561.65 709.58 598.85 1.53 0.87 2.19 2.31 1.78 28.81 1.07
Car 0.00 0 0.02 1053.36 559.23 1178.34 592.37 1.49 1.84 4.89 23.59 1.76 31.84 0.02
Cyclist 0.00 0 1.56 837.69 596.91 938.60 729.70 1.61 0.87 1.51 3.50 1.69 9.18 1.56
Car 0.00 0 -0.09 829.15 557.88 950.53 591.66 1.57 1.80 5.37 12.40 1.71 32.03 -0.09
Car 0.00 0 3.13 1139.99 556.11 1226.69 577.86 1.39 1.99 4.18 36.81 1.81 43.44 3.13
Car 0.00 0 1.19 736.78 563.03 813.67 614.34 1.54 2.04 4.97 5.23 1.73 24.21 1.19
Car 0.00 0 -2.56 645.45 553.81 672.87 581.24 1.62 0.58 1.66 1.20 1.70 39.82 -2.56
Car 0.00 0 1.56 975.57 660.99 1279.00 1079.00 1.65 2.15 5.03 3.50 1.69 2.10 1.56
Car 0.00 0 1.56 610.01 554.33 671.29 626.42 1.99 1.77 4.44 0.02 1.51 20.75 1.56
Car 0.00 0 1.56 530.33 598.76 749.97 794.56 1.49 2.16 4.79 0.00 1.76 8.70 1.56