Car 0.00 0 3.14 962.80 552.36 1055.11 578.02 1.65 2.15 5.03 24.96 1.69 43.43 3.14
Car 0.00 0 0.00 1077.00 519.57 1279.00 592.60 3.46 2.89 7.94 26.76 0.77 31.95 0.00
Car 0.00 0 3.12 1156.65 554.74 1242.09 577.64 1.47 1.82 4.19 37.91 1.76 43.45 3.12
Car 0.00 0 1.16 660.85 562.45 696.82 601.38 1.53 0.87 2.19 1.70 1.78 27.69 1.16
Car 0.00 0 0.34 862.46 559.52 970.65 594.74 1.49 1.84 4.89 13.42 1.75 31.05 0.34
Car 0.00 0 -0.55 662.71 556.28 769.23 590.07 1.57 1.80 5.37 3.99 1.71 34.07 -0.55
Motorcycle 0.00 0 2.36 711.59 550.65 741.60 572.03 1.65 0.77 2.35 6.92 1.70 51.26 2.36
Car 0.00 0 1.56 769.64 591.15 1036.83 758.08 1.54 2.04 4.97 3.51 1.73 9.79 1.56
Car 0.00 0 3.14 857.22 552.93 884.91 577.34 1.62 0.58 1.66 15.65 1.70 43.37 3.14
Car 0.00 0 1.56 610.01 554.33 671.29 626.42 1.99 1.77 4.44 0.02 1.51 20.75 1.56
Car 0.00 0 1.56 530.26 598.78 750.03 794.71 1.49 2.16 4.79 0.00 1.76 8.70 1.56
Car 0.00 0 -1.60 470.76 571.62 562.47 637.31 1.50 1.85 3.63 -3.38 1.74 18.18 -1.60