Car 0.00 0 3.14 951.55 552.37 1043.29 578.01 1.65 2.15 5.03 24.17 1.69 43.42 3.14
Car 0.00 0 0.00 1090.73 519.68 1279.00 592.52 3.46 2.89 7.94 27.48 0.77 31.96 0.00
Car 0.00 0 3.12 1147.58 554.74 1232.54 577.63 1.47 1.82 4.19 37.28 1.76 43.45 3.12
Car 0.00 0 1.16 660.85 562.45 696.82 601.38 1.53 0.87 2.19 1.70 1.78 27.69 1.16
Car 0.00 0 0.31 869.72 559.45 979.32 594.51 1.49 1.84 4.89 13.83 1.75 31.14 0.31
Car 0.00 0 -0.55 662.71 556.28 769.23 590.07 1.57 1.80 5.37 3.99 1.71 34.07 -0.55
Motorcycle 0.00 0 2.27 702.56 550.51 730.79 571.53 1.65 0.77 2.35 6.23 1.70 52.09 2.27
Car 0.00 0 1.56 760.44 587.38 991.16 733.20 1.54 2.04 4.97 3.51 1.73 10.74 1.56
Car 0.00 0 -3.10 846.33 552.92 873.78 577.42 1.62 0.58 1.66 14.89 1.70 43.32 -3.10
Car 0.00 0 1.56 610.01 554.33 671.29 626.42 1.99 1.77 4.44 0.02 1.51 20.75 1.56
Car 0.00 0 1.56 530.26 598.78 750.03 794.71 1.49 2.16 4.79 0.00 1.76 8.70 1.56
Car 0.00 0 -1.60 459.51 573.33 557.84 643.48 1.50 1.85 3.63 -3.39 1.74 17.20 -1.60