Car 0.00 0 -1.59 394.82 572.79 550.14 675.25 1.65 2.15 5.03 -3.47 1.69 14.42 -1.59
Cyclist 0.00 0 -0.44 713.23 556.39 745.60 587.72 1.61 0.87 1.51 4.76 1.69 34.02 -0.44
Car 0.00 0 -2.69 637.28 555.57 709.15 581.21 1.47 1.82 4.19 2.11 1.76 40.51 -2.69
Car 0.00 0 -0.00 1168.21 557.98 1221.25 586.47 1.53 0.87 2.19 30.73 1.78 35.48 -0.00
Cyclist 0.00 0 1.56 837.54 596.87 938.35 729.54 1.61 0.87 1.51 3.50 1.69 9.18 1.56
Car 0.00 0 -0.00 1262.50 557.73 1279.00 591.75 1.57 1.80 5.37 34.67 1.71 32.00 -0.00
Car 0.00 0 3.12 976.97 556.16 1055.95 577.83 1.39 1.99 4.18 25.48 1.81 43.42 3.12
Car 0.00 0 0.03 1012.13 558.79 1139.15 592.25 1.54 2.04 4.97 21.54 1.73 31.78 0.03
Car 0.00 0 -1.59 43.15 600.10 188.97 747.07 1.62 0.58 1.66 -6.95 1.70 8.61 -1.59
Car 0.00 0 1.56 975.78 660.31 1279.00 1079.00 1.65 2.15 5.03 3.50 1.69 2.10 1.56
Car 0.00 0 1.56 619.68 550.33 661.71 599.45 1.99 1.77 4.44 0.03 1.51 29.24 1.56
Car 0.00 0 1.56 530.43 598.73 749.87 794.34 1.49 2.16 4.79 0.00 1.76 8.71 1.56