Car 0.00 0 3.14 978.91 552.36 1071.99 578.01 1.65 2.15 5.03 26.08 1.69 43.44 3.14
Car 0.00 0 0.00 1055.95 519.84 1260.88 592.65 3.46 2.89 7.94 25.65 0.77 31.94 0.00
Car 0.00 0 3.12 1168.01 554.73 1254.09 577.65 1.47 1.82 4.19 38.70 1.76 43.45 3.12
Car 0.00 0 1.16 660.85 562.45 696.82 601.38 1.53 0.87 2.19 1.70 1.78 27.69 1.16
Car 0.00 0 0.38 856.21 559.59 962.78 594.96 1.49 1.84 4.89 13.04 1.75 30.96 0.38
Car 0.00 0 -0.55 662.71 556.28 769.23 590.07 1.57 1.80 5.37 3.99 1.71 34.07 -0.55
Motorcycle 0.00 0 2.50 729.56 550.99 761.48 572.71 1.65 0.77 2.35 8.24 1.70 50.06 2.50
Car 0.00 0 1.56 780.94 595.53 1099.53 792.90 1.54 2.04 4.97 3.51 1.74 8.80 1.56
Car 0.00 0 3.14 873.86 552.92 901.79 577.34 1.62 0.58 1.66 16.79 1.70 43.38 3.14
Car 0.00 0 1.56 610.01 554.33 671.29 626.42 1.99 1.77 4.44 0.02 1.51 20.75 1.56
Car 0.00 0 1.56 530.26 598.78 750.03 794.71 1.49 2.16 4.79 0.00 1.76 8.70 1.56
Car 0.00 0 -1.61 484.07 569.51 568.45 629.90 1.50 1.85 3.63 -3.36 1.74 19.55 -1.61