Car 0.00 0 -3.01 753.94 552.48 838.14 578.89 1.65 2.15 5.03 10.38 1.69 42.78 -3.01
Cyclist 0.00 0 -1.56 593.41 550.31 604.70 570.20 1.61 0.87 1.51 -3.42 1.68 53.55 -1.56
Car 0.00 0 3.14 938.00 554.78 1013.85 577.64 1.47 1.82 4.19 22.73 1.76 43.41 3.14
Car 0.00 0 1.05 676.45 561.36 714.10 598.04 1.53 0.87 2.19 2.54 1.78 29.20 1.05
Car 0.00 0 0.02 1062.71 559.23 1188.33 592.34 1.49 1.84 4.89 24.08 1.76 31.85 0.02
Cyclist 0.00 0 1.56 837.69 596.91 938.61 729.70 1.61 0.87 1.51 3.50 1.69 9.18 1.56
Car 0.00 0 -0.08 835.27 557.83 957.13 591.69 1.57 1.80 5.37 12.71 1.71 32.01 -0.08
Car 0.00 0 3.13 1132.22 556.13 1218.51 577.84 1.39 1.99 4.18 36.27 1.81 43.44 3.13
Car 0.00 0 1.17 738.78 562.35 816.54 614.21 1.54 2.04 4.97 5.39 1.74 24.51 1.17
Car 0.00 0 -2.54 639.06 553.93 666.47 581.53 1.62 0.58 1.66 0.79 1.70 39.53 -2.54
Car 0.00 0 1.56 975.67 660.69 1279.00 1079.00 1.65 2.15 5.03 3.50 1.69 2.10 1.56
Car 0.00 0 1.56 610.02 554.33 671.29 626.42 1.99 1.77 4.44 0.02 1.51 20.76 1.56
Car 0.00 0 1.56 530.33 598.77 749.97 794.59 1.49 2.16 4.79 0.00 1.76 8.70 1.56