Car 0.00 0 -2.47 642.33 553.39 726.84 583.77 1.65 2.15 5.03 2.77 1.69 39.09 -2.47
Cyclist 0.00 0 -1.52 589.54 551.59 601.78 574.20 1.61 0.87 1.51 -3.28 1.68 47.44 -1.52
Car 0.00 0 3.14 850.69 554.79 922.93 577.66 1.47 1.82 4.19 16.68 1.76 43.37 3.14
Car 0.00 0 0.43 774.70 558.08 818.10 588.92 1.53 0.87 2.19 8.40 1.78 34.35 0.43
Car 0.00 0 0.00 1181.41 559.32 1279.00 591.96 1.49 1.84 4.89 30.23 1.75 31.94 0.00
Cyclist 0.00 0 1.56 837.65 596.90 938.54 729.66 1.61 0.87 1.51 3.50 1.69 9.18 1.56
Car 0.00 0 -0.02 947.39 557.85 1076.17 591.63 1.57 1.80 5.37 18.45 1.71 31.93 -0.02
Car 0.00 0 3.13 1040.49 556.12 1122.35 577.85 1.39 1.99 4.18 29.90 1.81 43.44 3.13
Car 0.00 0 0.97 759.65 561.07 847.45 605.82 1.54 2.04 4.97 6.97 1.73 26.88 0.97
Car 0.00 0 -2.10 547.58 556.06 576.06 588.82 1.62 0.58 1.66 -4.13 1.70 33.94 -2.10
Car 0.00 0 1.56 975.78 660.31 1279.00 1079.00 1.65 2.15 5.03 3.50 1.69 2.10 1.56
Car 0.00 0 1.56 613.83 552.76 667.48 615.80 1.99 1.77 4.44 0.02 1.51 23.39 1.56
Car 0.00 0 1.56 530.36 598.75 749.94 794.49 1.49 2.16 4.79 0.00 1.76 8.70 1.56