Car 0.00 0 -2.04 558.35 555.68 644.33 593.98 1.65 2.15 5.03 -1.85 1.69 32.53 -2.04
Cyclist 0.00 0 -1.34 591.67 552.65 608.95 577.72 1.61 0.87 1.51 -2.68 1.69 43.13 -1.34
Car 0.00 0 -3.10 783.96 554.84 854.06 577.92 1.47 1.82 4.19 12.03 1.76 43.17 -3.10
Car 0.00 0 0.03 893.31 557.95 939.61 586.71 1.53 0.87 2.19 15.27 1.78 35.38 0.03
Cyclist 0.00 0 1.56 837.56 596.86 938.40 729.58 1.61 0.87 1.51 3.50 1.69 9.18 1.56
Car 0.00 0 -0.01 1039.78 557.86 1173.57 591.59 1.57 1.80 5.37 23.19 1.71 31.93 -0.01
Car 0.00 0 3.12 983.77 556.06 1063.13 577.88 1.39 1.99 4.18 25.95 1.81 43.42 3.12
Car 0.00 0 0.62 809.11 558.60 911.69 599.38 1.54 2.04 4.97 10.33 1.74 29.84 0.62
Car 0.00 0 -1.70 478.28 560.11 505.58 601.17 1.62 0.58 1.66 -6.27 1.70 27.19 -1.70
Car 0.00 0 1.56 975.78 660.31 1279.00 1079.00 1.65 2.15 5.03 3.50 1.69 2.10 1.56
Car 0.00 0 1.56 616.65 551.90 664.69 607.40 1.99 1.77 4.44 0.03 1.51 25.87 1.56
Car 0.00 0 1.56 530.36 598.75 749.94 794.48 1.49 2.16 4.79 0.00 1.76 8.70 1.56