Car 0.00 0 -1.61 488.85 562.86 580.82 623.96 1.65 2.15 5.03 -3.39 1.69 21.71 -1.61
Cyclist 0.00 0 -0.83 637.88 554.97 667.48 584.14 1.61 0.87 1.51 0.72 1.69 36.84 -0.83
Car 0.00 0 -2.86 683.00 555.05 753.29 579.56 1.47 1.82 4.19 5.11 1.76 41.94 -2.86
Car 0.00 0 -0.01 1067.37 557.96 1118.04 586.53 1.53 0.87 2.19 25.06 1.78 35.45 -0.01
Cyclist 0.00 0 1.56 837.54 596.87 938.35 729.54 1.61 0.87 1.51 3.50 1.69 9.18 1.56
Car 0.00 0 -0.01 1159.31 557.84 1279.00 591.53 1.57 1.80 5.37 29.35 1.71 31.97 -0.01
Car 0.00 0 3.12 979.66 556.15 1058.77 577.84 1.39 1.99 4.18 25.66 1.81 43.42 3.12
Car 0.00 0 0.14 917.27 558.80 1036.98 592.85 1.54 2.04 4.97 16.55 1.73 31.53 0.14
Car 0.00 0 -1.60 340.85 573.48 393.35 645.24 1.62 0.58 1.66 -6.84 1.70 16.12 -1.60
Car 0.00 0 1.56 975.78 660.31 1279.00 1079.00 1.65 2.15 5.03 3.50 1.69 2.10 1.56
Car 0.00 0 1.56 617.92 551.10 663.45 604.34 1.99 1.77 4.44 0.03 1.51 27.16 1.56
Car 0.00 0 1.56 530.41 598.73 749.89 794.38 1.49 2.16 4.79 0.00 1.76 8.70 1.56