Cyclist 0.00 0 -0.03 951.90 557.32 990.93 590.47 1.61 0.87 1.51 16.59 1.69 32.06 -0.03
Car 0.00 0 -1.58 595.98 550.76 606.44 568.54 1.52 0.80 2.04 -3.42 1.72 56.62 -1.58
Truck 0.00 0 -1.58 544.15 544.33 579.50 569.35 2.10 2.39 6.27 -6.92 1.45 57.37 -1.58
Car 0.00 0 -1.59 228.58 580.01 405.55 670.91 1.47 1.82 4.19 -6.95 1.77 14.34 -1.59
Car 0.00 0 -0.00 1271.75 558.00 1279.00 586.39 1.53 0.87 2.19 36.58 1.78 35.52 -0.00
Cyclist 0.00 0 1.56 837.37 596.81 937.96 729.32 1.61 0.87 1.51 3.50 1.69 9.19 1.56
Car 0.00 0 -0.00 1264.95 557.93 1279.00 591.43 1.57 1.80 5.37 34.80 1.71 32.00 -0.00
Car 0.00 0 3.13 971.56 556.16 1050.24 577.83 1.39 1.99 4.18 25.10 1.81 43.42 3.13
Car 0.00 0 0.02 1075.81 558.75 1206.53 592.11 1.54 2.04 4.97 24.85 1.73 31.85 0.02
Car 0.00 0 1.56 975.78 660.31 1279.00 1079.00 1.65 2.15 5.03 3.50 1.69 2.10 1.56
Car 0.00 0 1.56 625.78 547.71 655.80 582.35 1.99 1.77 4.44 0.05 1.51 40.05 1.56
Car 0.00 0 1.56 530.45 598.72 749.86 794.30 1.49 2.16 4.79 0.00 1.76 8.71 1.56