Car 0.00 0 -1.58 0.00 748.30 56.43 1079.00 1.65 2.15 5.03 -3.51 1.69 0.15 -1.58
Cyclist 0.00 0 -0.05 883.78 557.18 920.88 590.49 1.61 0.87 1.51 13.16 1.69 32.13 -0.05
Car 0.00 0 -1.87 462.17 560.83 542.92 599.01 1.47 1.82 4.19 -6.19 1.76 29.35 -1.87
Car 0.00 0 -0.00 1270.48 558.00 1279.00 586.39 1.53 0.87 2.19 36.51 1.78 35.52 -0.00
Cyclist 0.00 0 1.56 837.44 596.83 938.11 729.42 1.61 0.87 1.51 3.50 1.69 9.19 1.56
Car 0.00 0 -0.00 1264.90 557.93 1279.00 591.43 1.57 1.80 5.37 34.80 1.71 32.00 -0.00
Car 0.00 0 3.13 971.83 556.16 1050.52 577.83 1.39 1.99 4.18 25.12 1.81 43.42 3.13
Car 0.00 0 0.02 1075.81 558.75 1206.53 592.11 1.54 2.04 4.97 24.85 1.73 31.85 0.02
Car 0.00 0 1.56 975.78 660.31 1279.00 1079.00 1.65 2.15 5.03 3.50 1.69 2.10 1.56
Car 0.00 0 1.56 621.09 549.73 660.30 595.43 1.99 1.77 4.44 0.04 1.51 31.19 1.56
Car 0.00 0 1.56 530.45 598.72 749.86 794.30 1.49 2.16 4.79 0.00 1.76 8.71 1.56