Car 0.00 0 -1.58 88.01 593.64 490.55 844.01 1.65 2.15 5.03 -3.49 1.69 7.82 -1.58
Cyclist 0.00 0 -0.17 802.30 557.07 834.92 589.51 1.61 0.87 1.51 9.07 1.69 32.57 -0.17
Car 0.00 0 -2.36 562.01 556.93 637.40 585.91 1.47 1.82 4.19 -2.27 1.76 36.88 -2.36
Car 0.00 0 -0.00 1247.55 557.98 1279.00 586.42 1.53 0.87 2.19 35.21 1.78 35.51 -0.00
Cyclist 0.00 0 1.56 837.52 596.87 938.31 729.52 1.61 0.87 1.51 3.50 1.69 9.18 1.56
Car 0.00 0 -0.00 1264.89 557.93 1279.00 591.43 1.57 1.80 5.37 34.79 1.71 32.00 -0.00
Car 0.00 0 3.13 971.83 556.15 1050.52 577.83 1.39 1.99 4.18 25.12 1.81 43.42 3.13
Car 0.00 0 0.02 1075.57 558.27 1206.60 592.93 1.54 2.04 4.97 24.84 1.74 31.85 0.02
Car 0.00 0 1.56 975.78 660.31 1279.00 1079.00 1.65 2.15 5.03 3.50 1.69 2.10 1.56
Car 0.00 0 1.56 620.51 550.15 660.90 596.81 1.99 1.77 4.44 0.03 1.51 30.35 1.56
Car 0.00 0 1.56 530.45 598.72 749.86 794.30 1.49 2.16 4.79 0.00 1.76 8.71 1.56