Truck 0.00 0 -1.58 682.46 544.57 717.87 571.77 2.10 2.39 6.27 5.13 1.46 53.73 -1.58
Motorcycle 0.00 0 1.59 845.13 580.41 909.86 679.73 1.65 0.77 2.35 4.69 1.71 12.80 1.59
Car 0.00 0 -1.58 650.89 540.76 685.48 568.41 2.43 2.35 6.37 2.71 1.29 59.81 -1.58
Car 0.00 0 1.56 713.60 557.08 751.18 591.26 1.55 1.79 3.71 4.87 1.73 33.39 1.56
Car 0.00 0 1.56 712.44 564.32 737.09 606.55 1.53 0.87 2.19 3.41 1.78 25.64 1.56
Cyclist 0.00 0 1.56 797.31 559.10 819.68 597.06 1.61 0.87 1.51 7.57 1.69 28.83 1.56
Car 0.00 0 1.56 778.78 556.15 821.94 588.38 1.54 2.04 4.97 8.88 1.74 35.81 1.56
Car 0.00 0 -1.58 509.65 566.71 590.54 607.09 1.30 1.89 4.72 -3.57 1.86 26.41 -1.58
Car 0.00 0 1.54 718.76 526.02 763.13 576.66 3.46 2.89 7.94 7.68 0.77 47.93 1.54
Car 0.00 0 1.56 789.09 563.43 874.21 627.69 1.65 2.15 5.03 6.13 1.69 21.05 1.56
Car 0.00 0 1.58 671.49 556.35 745.10 642.83 1.99 1.77 4.44 2.03 1.51 17.93 1.58
Car 0.00 0 1.63 567.89 597.06 778.85 789.43 1.49 2.16 4.79 0.60 1.76 8.94 1.63