Truck 0.00 0 -1.58 616.05 546.58 683.23 596.39 2.10 2.39 6.27 0.62 1.41 31.24 -1.58
Motorcycle 0.00 0 1.59 880.27 590.38 981.39 726.90 1.65 0.77 2.35 4.37 1.69 9.83 1.59
Car 0.00 0 -1.58 580.30 540.19 639.87 584.17 2.43 2.35 6.37 -1.68 1.23 38.89 -1.58
Car 0.00 0 1.56 716.02 552.49 744.04 578.21 1.55 1.79 3.71 6.10 1.67 43.07 1.56
Car 0.00 0 1.56 717.90 557.65 735.45 588.62 1.53 0.87 2.19 4.62 1.73 33.98 1.56
Car 0.00 0 0.50 843.92 550.74 906.50 569.84 1.49 1.84 4.89 19.74 1.68 53.71 0.50
Cyclist 0.00 0 1.56 796.83 560.23 822.71 602.70 1.61 0.87 1.51 6.86 1.65 25.92 1.56
Car 0.00 0 1.56 772.89 556.52 821.72 592.00 1.54 2.04 4.97 8.00 1.69 32.94 1.56
Car 0.00 0 0.58 770.77 527.77 862.00 568.21 3.46 2.89 7.94 15.94 0.69 57.76 0.58
Car 0.00 0 -1.58 668.36 552.26 699.41 574.07 1.48 1.97 3.81 3.32 1.70 47.80 -1.58
Car 0.00 0 1.56 792.16 565.82 899.60 643.32 1.65 2.15 5.03 5.60 1.67 18.11 1.56
Car 0.00 0 1.56 685.60 552.92 744.98 623.11 1.99 1.77 4.44 2.60 1.48 21.44 1.56
Car 0.00 0 1.60 592.52 593.08 785.91 767.15 1.49 2.16 4.79 0.82 1.75 9.55 1.60