Truck 0.00 0 -1.58 599.44 548.58 674.77 603.86 2.10 2.39 6.27 0.04 1.47 28.55 -1.58
Motorcycle 0.00 0 1.59 879.52 592.47 983.31 731.69 1.65 0.77 2.35 4.31 1.71 9.68 1.59
Car 0.00 0 -1.58 564.82 541.62 629.98 588.93 2.43 2.35 6.37 -2.27 1.31 36.39 -1.58
Car 0.00 0 1.56 713.72 553.35 740.61 578.04 1.55 1.79 3.71 6.13 1.76 44.79 1.56
Car 0.00 0 1.56 715.57 558.35 732.40 588.08 1.53 0.87 2.19 4.65 1.81 35.30 1.56
Car 0.00 0 0.50 840.49 552.16 903.01 571.29 1.49 1.84 4.89 19.42 1.80 53.64 0.50
Cyclist 0.00 0 1.56 793.83 561.73 819.85 604.44 1.61 0.87 1.51 6.70 1.71 25.78 1.56
Car 0.00 0 1.56 769.62 557.97 818.69 593.62 1.54 2.04 4.97 7.80 1.76 32.80 1.56
Car 0.00 0 -1.58 661.12 554.26 693.90 577.23 1.48 1.97 3.81 2.71 1.80 45.56 -1.58
Car 0.00 0 1.56 789.38 567.39 898.02 645.68 1.65 2.15 5.03 5.49 1.71 17.97 1.56
Car 0.00 0 1.56 687.19 553.31 741.49 617.22 1.99 1.77 4.44 2.77 1.53 23.24 1.56
Car 0.00 0 1.59 613.81 587.61 769.19 723.09 1.49 2.16 4.79 1.01 1.77 11.31 1.59