Truck 0.00 0 -1.58 278.25 558.97 563.39 746.19 2.10 2.39 6.27 -3.09 1.47 11.01 -1.58
Motorcycle 0.00 0 1.59 1037.93 649.37 1279.00 1079.00 1.65 0.77 2.35 3.58 1.71 4.03 1.59
Car 0.00 0 -1.58 352.63 542.80 509.76 639.00 2.43 2.35 6.37 -6.01 1.31 19.58 -1.58
Car 0.00 0 0.03 900.10 528.18 1020.95 574.06 3.46 2.89 7.94 24.82 0.84 49.85 0.03
Car 0.00 0 1.56 667.51 553.00 691.95 574.55 1.55 1.79 3.71 3.04 1.78 48.78 1.56
Car 0.00 0 1.55 670.16 557.98 686.31 587.54 1.53 0.87 2.19 2.17 1.83 36.17 1.55
Car 0.00 0 0.50 800.13 553.51 866.37 574.69 1.49 1.84 4.89 14.85 1.82 49.13 0.50
Cyclist 0.00 0 1.56 767.56 567.66 802.83 622.75 1.61 0.87 1.51 4.58 1.72 20.28 1.56
Car 0.00 0 0.01 1051.69 552.62 1082.98 573.70 1.59 0.87 1.82 32.91 1.78 49.30 0.01
Car 0.00 0 -1.66 558.08 554.35 604.43 578.75 1.51 2.13 4.90 -4.01 1.80 44.63 -1.66
Car 0.00 0 1.56 730.15 561.53 792.57 605.47 1.54 2.04 4.97 5.07 1.77 27.37 1.56
Car 0.00 0 0.00 856.49 529.04 966.10 571.73 3.46 2.89 7.94 22.56 0.84 53.57 0.00
Car 0.00 0 -1.58 567.46 562.46 623.55 601.49 1.48 1.97 3.81 -1.89 1.80 28.34 -1.58
Car 0.00 0 1.56 774.22 577.90 963.30 705.16 1.65 2.15 5.03 4.05 1.71 12.39 1.56
Car 0.00 0 1.56 652.12 552.28 698.89 606.79 1.99 1.77 4.44 1.50 1.54 26.54 1.56
Car 0.00 0 1.57 607.13 580.83 728.46 682.17 1.49 2.16 4.79 0.64 1.78 13.81 1.57