Truck 0.00 0 -1.58 687.88 544.40 720.56 569.45 2.10 2.39 6.27 5.85 1.46 57.52 -1.58
Motorcycle 0.00 0 1.59 845.13 580.41 909.86 679.73 1.65 0.77 2.35 4.69 1.71 12.80 1.59
Car 0.00 0 1.56 710.99 557.95 750.72 594.24 1.55 1.79 3.71 4.55 1.73 31.67 1.56
Car 0.00 0 1.56 710.77 565.14 736.35 608.95 1.53 0.87 2.19 3.25 1.78 24.78 1.56
Cyclist 0.00 0 1.56 797.31 559.10 819.68 597.06 1.61 0.87 1.51 7.57 1.69 28.83 1.56
Car 0.00 0 1.56 778.78 556.15 821.94 588.38 1.54 2.04 4.97 8.88 1.74 35.81 1.56
Car 0.00 0 -1.58 546.47 563.34 612.23 597.12 1.30 1.89 4.72 -2.79 1.86 30.58 -1.58
Car 0.00 0 1.56 715.60 524.94 761.47 579.40 3.46 2.89 7.94 7.04 0.77 44.85 1.56
Car 0.00 0 1.56 789.09 563.43 874.21 627.69 1.65 2.15 5.03 6.13 1.69 21.05 1.56
Car 0.00 0 1.58 671.49 556.35 745.10 642.83 1.99 1.77 4.44 2.03 1.51 17.93 1.58
Car 0.00 0 1.63 567.89 597.06 778.85 789.43 1.49 2.16 4.79 0.60 1.76 8.94 1.63