Car 0.00 0 3.14 1024.00 552.31 1119.32 578.03 1.65 2.15 5.03 29.23 1.69 43.46 3.14
Car 0.00 0 0.02 1003.45 519.75 1203.03 592.93 3.46 2.89 7.94 22.89 0.77 31.91 0.02
Car 0.00 0 3.11 1183.95 554.75 1270.99 577.66 1.47 1.82 4.19 39.81 1.76 43.44 3.11
Car 0.00 0 1.16 660.85 562.45 696.82 601.38 1.53 0.87 2.19 1.70 1.78 27.69 1.16
Car 0.00 0 0.40 854.54 559.70 960.46 594.91 1.49 1.84 4.89 12.94 1.75 30.93 0.40
Car 0.00 0 -0.55 662.71 556.28 769.23 590.07 1.57 1.80 5.37 3.99 1.71 34.07 -0.55
Motorcycle 0.00 0 2.87 790.73 551.65 823.57 574.11 1.65 0.77 2.35 12.48 1.70 47.81 2.87
Car 0.00 0 1.56 789.05 598.09 1148.27 821.63 1.54 2.04 4.97 3.51 1.74 8.19 1.56
Car 0.00 0 3.14 913.60 552.89 942.09 577.35 1.62 0.58 1.66 19.51 1.70 43.39 3.14
Car 0.00 0 1.56 610.01 554.33 671.29 626.42 1.99 1.77 4.44 0.02 1.51 20.75 1.56
Car 0.00 0 1.56 530.25 598.78 750.05 794.75 1.49 2.16 4.79 0.00 1.76 8.70 1.56
Car 0.00 0 -1.63 514.11 565.01 583.54 614.00 1.50 1.85 3.63 -3.23 1.74 23.36 -1.63