Car 0.00 0 3.14 1050.16 552.16 1146.68 577.74 1.65 2.15 5.03 31.06 1.67 43.47 3.14
Car 0.00 0 0.02 999.67 519.50 1198.76 592.50 3.46 2.89 7.94 22.69 0.76 31.91 0.02
Car 0.00 0 1.56 625.75 554.40 655.89 581.68 1.55 1.79 3.71 0.05 1.71 39.84 1.56
Car 0.00 0 3.11 1184.56 554.55 1271.65 577.43 1.47 1.82 4.19 39.85 1.75 43.44 3.11
Car 0.00 0 1.16 660.85 562.23 696.82 601.17 1.53 0.87 2.19 1.70 1.77 27.69 1.16
Car 0.00 0 0.40 854.53 559.54 960.49 594.63 1.49 1.84 4.89 12.94 1.74 30.93 0.40
Car 0.00 0 -0.55 662.71 556.07 769.23 589.86 1.57 1.80 5.37 3.99 1.70 34.07 -0.55
Car 0.00 0 0.00 1250.30 557.77 1279.00 590.65 1.59 0.87 1.82 31.76 1.70 31.93 0.00
Motorcycle 0.00 0 3.14 940.97 551.58 978.27 574.56 1.65 0.77 2.35 23.42 1.68 46.92 3.14
Car 0.00 0 1.56 789.06 597.88 1148.25 821.42 1.54 2.04 4.97 3.51 1.74 8.19 1.56
Car 0.00 0 -0.00 1276.82 521.57 1279.00 586.83 3.46 2.89 7.94 40.75 0.76 35.53 -0.00
Car 0.00 0 3.14 976.38 552.72 1005.58 577.05 1.62 0.58 1.66 23.81 1.68 43.42 3.14
Car 0.00 0 1.56 610.01 554.09 671.30 626.27 1.99 1.77 4.44 0.02 1.50 20.75 1.56
Car 0.00 0 1.56 529.37 598.84 750.90 796.54 1.49 2.16 4.79 0.00 1.76 8.65 1.56
Car 0.00 0 -2.57 673.57 554.87 737.75 581.44 1.50 1.85 3.63 4.11 1.72 39.95 -2.57