Car 0.00 0 -1.61 483.50 563.59 578.61 626.70 1.65 2.15 5.03 -3.40 1.69 21.08 -1.61
Cyclist 0.00 0 -0.78 642.68 555.14 672.85 584.51 1.61 0.87 1.51 1.01 1.69 36.55 -0.78
Car 0.00 0 -2.85 680.64 555.09 750.98 579.62 1.47 1.82 4.19 4.95 1.76 41.88 -2.85
Car 0.00 0 -0.01 1077.18 558.01 1128.02 586.49 1.53 0.87 2.19 25.61 1.78 35.45 -0.01
Cyclist 0.00 0 1.56 837.54 596.87 938.35 729.54 1.61 0.87 1.51 3.50 1.69 9.18 1.56
Car 0.00 0 -0.01 1165.13 557.85 1279.00 591.52 1.57 1.80 5.37 29.65 1.71 31.97 -0.01
Car 0.00 0 3.12 979.66 556.15 1058.77 577.84 1.39 1.99 4.18 25.66 1.81 43.42 3.12
Car 0.00 0 0.13 924.28 558.85 1044.61 592.90 1.54 2.04 4.97 16.92 1.73 31.56 0.13
Car 0.00 0 -1.60 327.91 574.73 383.67 649.58 1.62 0.58 1.66 -6.86 1.70 15.52 -1.60
Car 0.00 0 1.56 975.78 660.31 1279.00 1079.00 1.65 2.15 5.03 3.50 1.69 2.10 1.56
Car 0.00 0 1.56 618.13 551.03 663.24 603.70 1.99 1.77 4.44 0.03 1.51 27.40 1.56
Car 0.00 0 1.56 530.41 598.75 749.89 794.41 1.49 2.16 4.79 0.00 1.76 8.70 1.56