Car 0.00 0 -1.59 416.77 570.63 556.22 663.32 1.65 2.15 5.03 -3.46 1.69 15.58 -1.59
Cyclist 0.00 0 -0.49 698.48 556.17 730.99 587.21 1.61 0.87 1.51 4.02 1.69 34.40 -0.49
Car 0.00 0 -2.73 647.47 555.45 718.96 580.76 1.47 1.82 4.19 2.76 1.76 40.88 -2.73
Car 0.00 0 -0.00 1150.92 557.97 1203.55 586.50 1.53 0.87 2.19 29.76 1.78 35.47 -0.00
Cyclist 0.00 0 1.56 837.54 596.87 938.35 729.54 1.61 0.87 1.51 3.50 1.69 9.18 1.56
Car 0.00 0 -0.00 1244.62 557.89 1279.00 591.42 1.57 1.80 5.37 33.75 1.71 31.99 -0.00
Car 0.00 0 3.12 976.98 556.15 1055.96 577.83 1.39 1.99 4.18 25.48 1.81 43.42 3.12
Car 0.00 0 0.04 992.45 558.74 1118.20 592.26 1.54 2.04 4.97 20.52 1.73 31.75 0.04
Car 0.00 0 -1.59 131.18 592.66 245.47 716.91 1.62 0.58 1.66 -6.94 1.70 9.94 -1.59
Car 0.00 0 1.56 975.78 660.31 1279.00 1079.00 1.65 2.15 5.03 3.50 1.69 2.10 1.56
Car 0.00 0 1.56 619.34 550.46 662.05 600.41 1.99 1.77 4.44 0.03 1.51 28.82 1.56
Car 0.00 0 1.56 530.43 598.73 749.87 794.34 1.49 2.16 4.79 0.00 1.76 8.71 1.56