Car 0.00 0 -1.59 406.52 571.65 553.36 668.89 1.65 2.15 5.03 -3.47 1.69 15.01 -1.59
Cyclist 0.00 0 -0.49 705.68 556.26 738.30 587.53 1.61 0.87 1.51 4.38 1.69 34.20 -0.49
Car 0.00 0 -2.71 642.49 555.51 714.16 580.96 1.47 1.82 4.19 2.44 1.76 40.70 -2.71
Car 0.00 0 -0.00 1159.04 558.03 1211.79 586.43 1.53 0.87 2.19 30.21 1.78 35.47 -0.00
Cyclist 0.00 0 1.56 837.54 596.87 938.35 729.54 1.61 0.87 1.51 3.50 1.69 9.18 1.56
Car 0.00 0 -0.00 1255.16 557.93 1279.00 591.41 1.57 1.80 5.37 34.29 1.71 32.00 -0.00
Car 0.00 0 3.12 976.98 556.15 1055.96 577.82 1.39 1.99 4.18 25.48 1.81 43.42 3.12
Car 0.00 0 0.03 1002.19 558.79 1128.60 592.29 1.54 2.04 4.97 21.03 1.73 31.77 0.03
Car 0.00 0 -1.59 90.86 596.11 219.20 730.73 1.62 0.58 1.66 -6.95 1.70 9.28 -1.59
Car 0.00 0 1.56 975.78 660.31 1279.00 1079.00 1.65 2.15 5.03 3.50 1.69 2.10 1.56
Car 0.00 0 1.56 619.50 550.38 661.89 599.97 1.99 1.77 4.44 0.03 1.51 29.02 1.56
Car 0.00 0 1.56 530.43 598.73 749.87 794.34 1.49 2.16 4.79 0.00 1.76 8.71 1.56