Car 0.00 0 -1.64 504.42 560.83 588.59 615.57 1.65 2.15 5.03 -3.33 1.69 23.89 -1.64
Cyclist 0.00 0 -0.93 620.64 554.46 647.99 582.70 1.61 0.87 1.51 -0.35 1.69 38.08 -0.93
Car 0.00 0 -2.91 696.44 555.00 766.35 579.14 1.47 1.82 4.19 6.01 1.76 42.26 -2.91
Car 0.00 0 -0.01 1032.21 558.01 1081.97 586.50 1.53 0.87 2.19 23.08 1.78 35.45 -0.01
Cyclist 0.00 0 1.56 837.56 596.87 938.39 729.56 1.61 0.87 1.51 3.50 1.69 9.18 1.56
Car 0.00 0 -0.01 1141.81 557.95 1279.00 591.46 1.57 1.80 5.37 28.45 1.71 31.96 -0.01
Car 0.00 0 3.12 979.66 556.15 1058.77 577.84 1.39 1.99 4.18 25.66 1.81 43.42 3.12
Car 0.00 0 0.22 894.42 558.42 1011.27 594.24 1.54 2.04 4.97 15.31 1.74 31.41 0.22
Car 0.00 0 -1.60 384.31 569.16 426.45 630.73 1.62 0.58 1.66 -6.79 1.70 18.58 -1.60
Car 0.00 0 1.56 975.78 660.31 1279.00 1079.00 1.65 2.15 5.03 3.50 1.69 2.10 1.56
Car 0.00 0 1.56 617.18 551.34 664.19 606.54 1.99 1.77 4.44 0.03 1.51 26.38 1.56
Car 0.00 0 1.56 530.41 598.73 749.89 794.38 1.49 2.16 4.79 0.00 1.76 8.70 1.56