Car 0.00 0 -1.88 538.00 556.97 622.07 599.01 1.65 2.15 5.03 -2.67 1.69 29.96 -1.88
Cyclist 0.00 0 -1.25 596.33 553.21 616.09 579.17 1.61 0.87 1.51 -2.20 1.69 41.47 -1.25
Car 0.00 0 -3.08 756.54 554.91 825.95 578.02 1.47 1.82 4.19 10.13 1.76 43.05 -3.08
Car 0.00 0 0.00 934.91 557.96 982.38 586.57 1.53 0.87 2.19 17.62 1.78 35.42 0.00
Cyclist 0.00 0 1.56 837.56 596.88 938.38 729.56 1.61 0.87 1.51 3.50 1.69 9.18 1.56
Car 0.00 0 -0.01 1076.15 557.85 1211.93 591.57 1.57 1.80 5.37 25.06 1.71 31.94 -0.01
Car 0.00 0 3.12 981.18 556.15 1060.36 577.84 1.39 1.99 4.18 25.77 1.81 43.42 3.12
Car 0.00 0 0.52 827.97 559.19 934.15 596.26 1.54 2.04 4.97 11.49 1.73 30.42 0.52
Car 0.00 0 -1.64 454.52 562.25 483.95 608.19 1.62 0.58 1.66 -6.51 1.70 24.49 -1.64
Car 0.00 0 1.56 975.78 660.31 1279.00 1079.00 1.65 2.15 5.03 3.50 1.69 2.10 1.56
Car 0.00 0 1.56 616.63 551.71 664.61 607.61 1.99 1.77 4.44 0.03 1.51 25.89 1.56
Car 0.00 0 1.56 530.36 598.75 749.94 794.48 1.49 2.16 4.79 0.00 1.76 8.70 1.56