Car 0.00 0 3.14 919.84 552.38 1010.03 578.02 1.65 2.15 5.03 21.96 1.69 43.41 3.14
Car 0.00 0 -0.00 1132.05 519.79 1279.00 592.62 3.46 2.89 7.94 29.65 0.77 31.97 -0.00
Car 0.00 0 3.13 1113.42 554.74 1196.77 577.62 1.47 1.82 4.19 34.91 1.76 43.46 3.13
Car 0.00 0 1.16 660.85 562.45 696.82 601.38 1.53 0.87 2.19 1.70 1.78 27.69 1.16
Car 0.00 0 0.16 906.93 559.78 1021.40 592.91 1.49 1.84 4.89 15.90 1.75 31.47 0.16
Cyclist 0.00 0 1.56 1176.61 694.90 1279.00 1079.00 1.61 0.87 1.51 3.50 1.69 2.90 1.56
Car 0.00 0 -0.54 665.04 556.24 771.99 590.21 1.57 1.80 5.37 4.12 1.71 34.01 -0.54
Motorcycle 0.00 0 1.92 682.41 549.77 702.90 569.93 1.65 0.77 2.35 4.54 1.70 55.32 1.92
Car 0.00 0 1.56 740.20 579.01 904.73 686.22 1.54 2.04 4.97 3.51 1.74 13.44 1.56
Car 0.00 0 -3.09 813.37 552.96 840.64 577.53 1.62 0.58 1.66 12.62 1.70 43.20 -3.09
Car 0.00 0 1.56 610.01 554.33 671.29 626.42 1.99 1.77 4.44 0.02 1.51 20.75 1.56
Car 0.00 0 1.56 530.28 598.77 750.01 794.67 1.49 2.16 4.79 0.00 1.76 8.70 1.56
Car 0.00 0 -1.59 402.57 580.77 536.64 675.07 1.50 1.85 3.63 -3.44 1.74 13.63 -1.59