Car 0.00 0 -2.90 718.33 552.69 802.80 579.67 1.65 2.15 5.03 7.91 1.69 42.13 -2.90
Cyclist 0.00 0 -1.56 591.93 550.73 603.59 571.41 1.61 0.87 1.51 -3.39 1.68 51.51 -1.56
Car 0.00 0 3.14 910.94 554.78 985.67 577.63 1.47 1.82 4.19 20.85 1.76 43.40 3.14
Car 0.00 0 0.86 705.73 559.62 745.78 593.78 1.53 0.87 2.19 4.24 1.78 31.51 0.86
Car 0.00 0 0.01 1089.04 559.49 1215.95 591.77 1.49 1.84 4.89 25.43 1.75 31.87 0.01
Cyclist 0.00 0 1.56 837.67 596.91 938.58 729.69 1.61 0.87 1.51 3.50 1.69 9.18 1.56
Car 0.00 0 -0.05 870.34 557.97 994.70 591.57 1.57 1.80 5.37 14.51 1.71 31.96 -0.05
Car 0.00 0 3.13 1082.67 556.13 1166.53 577.80 1.39 1.99 4.18 32.83 1.81 43.45 3.13
Car 0.00 0 1.09 745.41 562.27 827.38 609.89 1.54 2.04 4.97 5.93 1.73 25.43 1.09
Car 0.00 0 -2.39 607.21 554.52 634.90 583.43 1.62 0.58 1.66 -1.11 1.70 37.89 -2.39
Car 0.00 0 1.56 975.78 660.33 1279.00 1079.00 1.65 2.15 5.03 3.50 1.69 2.10 1.56
Car 0.00 0 1.56 610.59 553.94 670.78 625.19 1.99 1.77 4.44 0.02 1.51 21.09 1.56
Car 0.00 0 1.56 530.35 598.75 749.95 794.53 1.49 2.16 4.79 0.00 1.76 8.70 1.56