Car 0.00 0 -1.59 345.83 577.23 537.63 702.04 1.65 2.15 5.03 -3.48 1.69 12.45 -1.59
Cyclist 0.00 0 -0.39 736.53 556.60 768.73 588.42 1.61 0.87 1.51 5.91 1.69 33.54 -0.39
Car 0.00 0 -2.61 619.99 555.80 692.56 582.07 1.47 1.82 4.19 1.03 1.76 39.81 -2.61
Car 0.00 0 -0.00 1190.05 558.03 1243.53 586.42 1.53 0.87 2.19 31.96 1.78 35.48 -0.00
Cyclist 0.00 0 1.56 837.52 596.86 938.31 729.52 1.61 0.87 1.51 3.50 1.69 9.18 1.56
Car 0.00 0 -0.00 1264.75 557.69 1279.00 591.79 1.57 1.80 5.37 34.79 1.71 32.00 -0.00
Car 0.00 0 3.13 975.72 556.16 1054.63 577.82 1.39 1.99 4.18 25.39 1.81 43.42 3.13
Car 0.00 0 0.05 1033.96 558.24 1161.74 593.17 1.54 2.04 4.97 22.66 1.74 31.80 0.05
Car 0.00 0 -1.59 0.00 616.68 63.70 820.27 1.62 0.58 1.66 -6.97 1.70 6.57 -1.59
Car 0.00 0 1.56 975.78 660.31 1279.00 1079.00 1.65 2.15 5.03 3.50 1.69 2.10 1.56
Car 0.00 0 1.56 620.10 550.34 661.30 597.93 1.99 1.77 4.44 0.03 1.51 29.79 1.56
Car 0.00 0 1.56 530.45 598.73 749.86 794.31 1.49 2.16 4.79 0.00 1.76 8.71 1.56