Car 0.00 0 1.56 525.35 600.49 756.69 808.66 1.49 2.16 4.79 0.03 1.76 8.38 1.56
Car 0.00 0 3.13 956.14 553.77 993.07 571.58 1.38 1.48 2.21 27.02 1.82 51.73 3.13
Car 0.00 0 3.13 863.86 549.86 932.09 569.76 1.65 2.15 5.03 22.22 1.69 55.27 3.13
Truck 0.00 0 1.56 613.08 548.04 673.52 603.65 2.10 2.39 6.27 0.15 1.46 28.44 1.56
Car 0.00 0 -1.58 0.00 439.20 389.08 803.98 3.46 2.89 7.94 -6.97 0.77 10.05 -1.58
Cyclist 0.00 0 -0.01 963.99 551.63 990.06 573.43 1.61 0.87 1.51 25.40 1.69 48.25 -0.01
Car 0.00 0 0.05 271.76 545.22 345.87 574.34 2.04 2.07 4.48 -24.97 1.47 48.38 0.05
Car 0.00 0 1.56 725.17 576.78 829.59 644.62 1.39 1.99 4.18 3.58 1.82 17.49 1.56
Car 0.00 0 -3.09 873.51 551.50 928.09 571.30 1.55 1.79 3.71 21.20 1.73 52.10 -3.09
Car 0.00 0 1.56 670.36 493.04 790.79 610.20 4.25 3.94 10.27 3.53 0.38 28.38 1.56
Car 0.00 0 1.56 603.78 573.67 681.98 645.77 1.50 1.85 3.63 0.08 1.74 16.92 1.56