Car 0.00 0 1.75 633.52 580.38 759.68 685.29 1.49 2.16 4.79 1.41 1.76 13.61 1.75
Car 0.00 0 1.86 595.60 629.78 759.84 821.08 1.38 1.48 2.21 0.42 1.82 6.88 1.86
Motorcycle 0.00 0 1.61 841.39 563.81 865.92 616.66 1.65 0.77 2.35 7.49 1.71 22.39 1.61
Car 0.00 0 1.56 798.23 553.45 831.98 578.95 1.55 1.79 3.71 11.86 1.73 43.20 1.56
Car 0.00 0 -1.58 681.12 553.62 730.92 578.81 1.51 2.13 4.90 4.61 1.75 43.97 -1.58
Car 0.00 0 1.56 791.94 556.96 812.34 585.28 1.53 0.87 2.19 9.43 1.78 37.18 1.56
Cyclist 0.00 0 1.56 861.84 553.73 877.36 580.46 1.61 0.87 1.51 14.49 1.69 40.36 1.56
Car 0.00 0 1.56 857.04 552.51 888.88 576.26 1.54 2.04 4.97 17.14 1.74 46.96 1.56
Car 0.00 0 1.56 804.49 527.17 851.63 573.62 3.46 2.89 7.94 15.37 0.77 51.92 1.56
Car 0.00 0 1.56 837.87 555.54 886.67 593.22 1.65 2.15 5.03 11.54 1.69 33.02 1.56
Car 0.00 0 1.58 756.70 550.00 808.04 596.51 1.99 1.77 4.44 6.91 1.51 30.76 1.58
Car 0.00 0 1.63 702.48 566.29 785.88 621.82 1.49 2.16 4.79 3.75 1.76 22.23 1.63