Car 0.00 0 1.58 711.48 566.32 788.01 619.42 1.49 2.16 4.79 4.07 1.79 23.02 1.58
Car 0.00 0 1.72 659.30 595.95 747.87 692.20 1.38 1.48 2.21 1.23 1.84 11.85 1.72
Truck 0.00 0 -1.57 569.90 551.13 692.78 627.39 2.10 2.39 6.27 -0.04 1.48 21.86 -1.57
Motorcycle 0.00 0 1.59 843.58 567.32 872.76 626.31 1.65 0.77 2.35 6.85 1.73 20.17 1.59
Car 0.00 0 -1.58 578.02 542.20 666.43 597.99 2.43 2.35 6.37 -0.69 1.33 31.45 -1.58
Car 0.00 0 1.51 802.28 552.19 815.30 570.44 1.53 0.87 2.19 14.84 1.86 56.22 1.51
Cyclist 0.00 0 1.56 842.14 556.33 858.82 586.70 1.61 0.87 1.51 11.73 1.74 35.70 1.56
Car 0.00 0 -1.60 702.99 551.93 738.95 571.39 1.51 2.13 4.90 7.02 1.82 55.03 -1.60
Car 0.00 0 1.56 833.00 554.60 867.25 581.20 1.54 2.04 4.97 13.91 1.80 42.46 1.56
Car 0.00 0 -1.58 706.56 556.86 749.76 584.30 1.48 1.97 3.81 5.42 1.82 38.97 -1.58
Car 0.00 0 1.56 824.49 558.83 880.80 604.19 1.65 2.15 5.03 9.31 1.73 28.17 1.56
Car 0.00 0 1.73 763.65 282.86 1279.00 911.20 4.25 3.94 10.27 4.14 0.39 9.70 1.73
Car 0.00 0 1.56 783.12 547.57 812.80 577.51 1.99 1.77 4.44 11.46 1.57 46.25 1.56
Car 0.00 0 1.56 757.82 558.19 806.22 590.16 1.49 2.16 4.79 7.87 1.81 35.11 1.56