Car 0.00 0 1.74 639.21 579.04 760.98 679.01 1.49 2.16 4.79 1.53 1.76 14.12 1.74
Car 0.00 0 1.86 595.60 629.78 759.84 821.08 1.38 1.48 2.21 0.42 1.82 6.88 1.86
Truck 0.00 0 -1.58 762.95 544.62 804.80 572.39 2.10 2.39 6.27 11.96 1.46 52.84 -1.58
Motorcycle 0.00 0 1.59 844.51 561.43 866.91 607.48 1.65 0.77 2.35 8.52 1.71 25.21 1.59
Car 0.00 0 1.56 818.49 550.90 844.78 570.83 1.55 1.79 3.71 16.18 1.73 53.94 1.56
Car 0.00 0 1.56 810.41 554.12 826.71 577.25 1.53 0.87 2.19 12.55 1.78 44.93 1.56
Cyclist 0.00 0 1.56 861.84 553.73 877.36 580.46 1.61 0.87 1.51 14.49 1.69 40.36 1.56
Car 0.00 0 1.56 857.04 552.51 888.88 576.26 1.54 2.04 4.97 17.14 1.74 46.96 1.56
Car 0.00 0 -1.54 534.97 566.73 625.02 607.40 1.30 1.89 4.72 -2.34 1.86 26.34 -1.54
Car 0.00 0 1.56 837.87 555.54 886.67 593.22 1.65 2.15 5.03 11.54 1.69 33.02 1.56
Car 0.00 0 1.73 767.65 417.64 1038.20 702.92 4.25 3.94 10.27 5.08 0.37 14.98 1.73
Car 0.00 0 1.57 766.92 549.24 814.21 592.12 1.99 1.77 4.44 7.88 1.51 33.22 1.57
Car 0.00 0 1.61 714.62 564.47 792.88 614.84 1.49 2.16 4.79 4.39 1.76 24.06 1.61