Car 0.00 0 1.59 708.60 566.53 786.51 620.35 1.49 2.16 4.79 3.95 1.79 22.76 1.59
Car 0.00 0 1.73 655.16 597.24 746.49 697.29 1.38 1.48 2.21 1.15 1.83 11.50 1.73
Truck 0.00 0 -1.57 592.31 550.33 702.85 619.07 2.10 2.39 6.27 0.51 1.48 23.82 -1.57
Motorcycle 0.00 0 1.59 842.06 566.43 869.44 623.26 1.65 0.77 2.35 7.00 1.73 20.86 1.59
Car 0.00 0 -1.58 594.07 542.07 676.22 594.39 2.43 2.35 6.37 -0.08 1.33 33.30 -1.58
Car 0.00 0 1.53 804.11 552.16 816.55 570.60 1.53 0.87 2.19 14.89 1.85 55.90 1.53
Truck 0.00 0 1.89 1089.79 621.72 1279.00 1062.03 2.10 2.39 6.27 3.46 1.46 0.06 1.89
Cyclist 0.00 0 1.56 843.17 556.00 859.56 585.80 1.61 0.87 1.51 12.00 1.74 36.35 1.56
Car 0.00 0 -1.60 709.95 551.46 744.86 570.35 1.51 2.13 4.90 7.82 1.82 56.85 -1.60
Car 0.00 0 1.56 834.68 554.35 868.41 580.50 1.54 2.04 4.97 14.23 1.79 43.10 1.56
Car 0.00 0 -1.58 713.97 556.13 755.20 582.25 1.48 1.97 3.81 6.07 1.82 40.75 -1.58
Car 0.00 0 1.56 824.58 558.38 879.43 602.51 1.65 2.15 5.03 9.53 1.73 28.84 1.56
Car 0.00 0 1.73 762.93 318.62 1279.00 859.65 4.25 3.94 10.27 4.22 0.39 10.40 1.73
Car 0.00 0 1.56 784.68 547.54 814.70 577.46 1.99 1.77 4.44 11.57 1.57 46.20 1.56
Car 0.00 0 1.56 757.71 558.16 806.98 590.53 1.49 2.16 4.79 7.84 1.81 34.90 1.56