Car 0.00 0 1.56 623.06 569.70 707.66 637.25 1.49 2.16 4.79 0.77 1.73 18.77 1.56
Car 0.00 0 1.57 615.01 599.08 711.40 702.78 1.38 1.48 2.21 0.40 1.80 10.94 1.57
Motorcycle 0.00 0 1.59 1095.01 664.95 1279.00 1079.00 1.65 0.77 2.35 3.55 1.70 3.31 1.59
Car 0.00 0 0.02 906.66 526.12 1029.08 572.43 3.46 2.89 7.94 25.15 0.69 49.38 0.02
Car 0.00 0 1.16 683.52 552.62 705.79 575.03 1.53 0.87 2.19 3.97 1.70 46.31 1.16
Car 0.00 0 0.40 806.67 551.71 875.20 572.82 1.49 1.84 4.89 15.36 1.67 48.93 0.40
Cyclist 0.00 0 1.57 763.16 566.66 800.46 623.61 1.61 0.87 1.51 4.33 1.66 19.64 1.57
Car 0.00 0 -0.55 686.49 549.74 755.23 570.74 1.57 1.80 5.37 6.60 1.62 52.55 -0.55
Car 0.00 0 0.00 1071.84 550.77 1103.74 571.99 1.59 0.87 1.82 34.21 1.63 48.91 0.00
Car 0.00 0 -1.58 0.00 592.16 337.56 771.80 1.51 2.13 4.90 -6.77 1.73 9.39 -1.58
Car 0.00 0 1.56 723.77 560.13 788.15 605.28 1.54 2.04 4.97 4.72 1.69 26.73 1.56
Car 0.00 0 1.56 772.84 577.94 980.25 715.80 1.65 2.15 5.03 3.90 1.67 11.68 1.56
Car 0.00 0 1.56 655.54 546.86 686.07 582.01 1.99 1.77 4.44 1.91 1.44 39.47 1.56
Car 0.00 0 1.56 640.83 560.78 696.25 603.27 1.49 2.16 4.79 1.24 1.72 27.40 1.56
Car 0.00 0 -2.57 694.83 549.44 739.13 567.01 1.50 1.85 3.63 7.03 1.64 58.41 -2.57