Car 0.00 0 1.56 590.85 579.36 708.39 676.52 1.49 2.16 4.79 0.23 1.76 14.18 1.56
Car 0.00 0 1.57 570.84 628.27 729.93 810.41 1.38 1.48 2.21 0.11 1.82 7.07 1.57
Car 0.00 0 -3.11 776.65 549.56 839.56 568.83 1.65 2.15 5.03 14.93 1.69 57.02 -3.11
Motorcycle 0.00 0 1.58 1197.71 697.46 1279.00 1079.00 1.65 0.77 2.35 3.51 1.71 2.42 1.58
Car 0.00 0 -0.00 1077.48 526.03 1222.87 576.60 3.46 2.89 7.94 35.96 0.77 45.33 -0.00
Car 0.00 0 1.16 666.95 555.14 691.39 580.13 1.53 0.87 2.19 2.57 1.78 41.79 1.16
Car 0.00 0 0.03 918.27 553.95 1000.01 576.00 1.49 1.84 4.89 22.59 1.76 45.42 0.03
Cyclist 0.00 0 1.56 733.98 562.47 764.35 612.23 1.61 0.87 1.51 3.94 1.69 23.21 1.56
Car 0.00 0 -0.22 750.38 552.39 828.29 575.89 1.57 1.80 5.37 10.74 1.71 46.16 -0.22
Car 0.00 0 1.34 705.31 555.78 750.99 588.77 1.54 2.04 4.97 5.03 1.74 35.94 1.34
Car 0.00 0 -2.77 690.77 550.11 711.02 569.36 1.62 0.58 1.66 5.28 1.70 55.51 -2.77
Car 0.00 0 1.56 740.88 572.11 889.67 672.28 1.65 2.15 5.03 3.74 1.69 14.73 1.56
Car 0.00 0 1.56 635.89 548.92 670.66 589.10 1.99 1.77 4.44 0.73 1.51 34.90 1.56
Car 0.00 0 1.56 617.97 565.84 685.69 618.59 1.49 2.16 4.79 0.43 1.76 22.84 1.56
Car 0.00 0 -1.58 471.73 572.25 566.90 641.24 1.50 1.85 3.63 -3.19 1.74 17.62 -1.58