Car 0.00 0 1.56 590.85 579.36 708.39 676.52 1.49 2.16 4.79 0.23 1.76 14.18 1.56
Car 0.00 0 1.57 570.84 628.27 729.93 810.41 1.38 1.48 2.21 0.11 1.82 7.07 1.57
Car 0.00 0 -2.27 627.14 550.49 688.56 573.54 1.65 2.15 5.03 1.47 1.69 50.59 -2.27
Cyclist 0.00 0 -1.43 614.96 549.26 626.33 567.33 1.61 0.87 1.51 -1.81 1.69 59.51 -1.43
Motorcycle 0.00 0 1.57 868.62 602.57 1018.87 781.84 1.65 0.77 2.35 3.60 1.71 7.87 1.57
Car 0.00 0 -3.12 787.85 551.33 840.49 568.56 1.47 1.82 4.19 15.50 1.77 57.10 -3.12
Car 0.00 0 0.16 787.16 553.00 819.21 573.83 1.53 0.87 2.19 12.48 1.78 48.97 0.16
Car 0.00 0 0.00 1076.90 553.74 1165.92 576.31 1.49 1.84 4.89 34.04 1.76 45.34 0.00
Cyclist 0.00 0 1.56 734.01 563.58 763.92 611.10 1.61 0.87 1.51 3.94 1.69 23.24 1.56
Car 0.00 0 -0.01 916.96 552.58 1005.42 576.10 1.57 1.80 5.37 22.80 1.72 45.56 -0.01
Car 0.00 0 0.86 742.26 554.08 808.44 580.42 1.54 2.04 4.97 8.94 1.74 42.00 0.86
Car 0.00 0 -1.93 566.75 552.22 585.38 576.43 1.62 0.58 1.66 -4.51 1.70 45.25 -1.93
Car 0.00 0 1.56 734.34 569.71 864.97 658.28 1.65 2.15 5.03 3.77 1.69 16.17 1.56
Car 0.00 0 1.56 637.97 548.15 669.05 583.76 1.99 1.77 4.44 0.83 1.51 38.77 1.56
Car 0.00 0 1.56 617.98 565.84 685.69 618.58 1.49 2.16 4.79 0.43 1.76 22.85 1.56
Car 0.00 0 -1.58 0.00 662.24 320.47 1079.00 1.50 1.85 3.63 -3.55 1.74 3.38 -1.58