Car 0.00 0 1.56 590.85 579.36 708.39 676.52 1.49 2.16 4.79 0.23 1.76 14.18 1.56
Car 0.00 0 1.57 570.84 628.27 729.93 810.41 1.38 1.48 2.21 0.11 1.82 7.07 1.57
Car 0.00 0 -2.86 706.31 549.72 769.64 569.67 1.65 2.15 5.03 8.54 1.69 55.90 -2.86
Motorcycle 0.00 0 1.57 907.39 613.75 1113.76 844.25 1.65 0.77 2.35 3.57 1.71 6.50 1.57
Car 0.00 0 0.81 703.98 553.65 732.87 576.49 1.53 0.87 2.19 5.65 1.78 45.99 0.81
Car 0.00 0 0.01 974.47 553.96 1058.67 576.03 1.49 1.84 4.89 26.66 1.76 45.42 0.01
Cyclist 0.00 0 1.56 734.01 563.58 763.92 611.10 1.61 0.87 1.51 3.94 1.69 23.24 1.56
Car 0.00 0 -0.04 819.72 552.70 903.45 575.76 1.57 1.80 5.37 15.77 1.72 45.75 -0.04
Car 0.00 0 1.07 721.51 554.80 780.08 582.97 1.54 2.04 4.97 6.96 1.74 39.76 1.07
Car 0.00 0 -2.39 625.07 550.82 645.16 571.64 1.62 0.58 1.66 -0.39 1.70 51.72 -2.39
Car 0.00 0 1.56 734.34 569.71 864.97 658.27 1.65 2.15 5.03 3.77 1.69 16.17 1.56
Car 0.00 0 1.56 636.19 548.69 670.45 588.57 1.99 1.77 4.44 0.74 1.51 35.38 1.56
Car 0.00 0 1.56 617.97 565.84 685.69 618.59 1.49 2.16 4.79 0.43 1.76 22.85 1.56
Car 0.00 0 -1.58 325.00 590.83 516.08 721.84 1.50 1.85 3.63 -3.37 1.74 10.60 -1.58