Car 0.00 0 1.56 590.85 579.36 708.39 676.52 1.49 2.16 4.79 0.23 1.76 14.18 1.56
Car 0.00 0 1.57 570.84 628.27 729.93 810.41 1.38 1.48 2.21 0.11 1.82 7.07 1.57
Car 0.00 0 -2.51 660.69 550.01 723.48 571.38 1.65 2.15 5.03 4.39 1.69 53.57 -2.51
Motorcycle 0.00 0 1.57 868.69 602.38 1018.82 782.05 1.65 0.77 2.35 3.60 1.71 7.87 1.57
Car 0.00 0 3.14 819.34 551.35 872.79 568.55 1.47 1.82 4.19 18.35 1.77 57.11 3.14
Car 0.00 0 0.46 745.41 553.09 776.52 574.65 1.53 0.87 2.19 9.10 1.78 48.16 0.46
Car 0.00 0 0.01 1028.28 553.79 1115.05 576.26 1.49 1.84 4.89 30.55 1.76 45.39 0.01
Cyclist 0.00 0 1.56 734.01 563.58 763.92 611.10 1.61 0.87 1.51 3.94 1.69 23.24 1.56
Car 0.00 0 -0.02 862.78 552.62 948.68 575.92 1.57 1.80 5.37 18.89 1.71 45.65 -0.02
Car 0.00 0 0.98 729.69 554.32 791.69 581.99 1.54 2.04 4.97 7.76 1.74 40.80 0.98
Car 0.00 0 -2.17 592.40 551.45 611.96 573.76 1.62 0.58 1.66 -2.87 1.70 48.63 -2.17
Car 0.00 0 1.56 734.34 569.71 864.97 658.28 1.65 2.15 5.03 3.77 1.69 16.17 1.56
Car 0.00 0 1.56 637.19 548.34 669.65 585.93 1.99 1.77 4.44 0.79 1.51 37.22 1.56
Car 0.00 0 1.56 617.98 565.84 685.69 618.59 1.49 2.16 4.79 0.43 1.76 22.85 1.56
Car 0.00 0 -1.58 73.43 613.21 454.06 861.32 1.50 1.85 3.63 -3.46 1.74 6.80 -1.58