Car 0.00 0 1.53 608.86 566.00 677.62 619.67 1.49 2.16 4.79 0.17 1.76 22.53 1.53
Car 0.00 0 1.56 595.17 598.06 688.12 697.63 1.38 1.48 2.21 0.03 1.82 11.30 1.56
Cyclist 0.00 0 -0.03 935.68 556.27 972.04 587.50 1.61 0.87 1.51 16.65 1.68 33.97 -0.03
Motorcycle 0.00 0 1.56 835.39 594.89 954.82 744.07 1.65 0.77 2.35 3.52 1.70 9.10 1.56
Car 0.00 0 -0.17 803.54 557.67 844.92 587.22 1.52 0.80 2.04 9.83 1.72 34.22 -0.17
Car 0.00 0 0.00 1260.78 557.02 1279.00 583.93 1.53 0.87 2.19 37.79 1.77 37.41 0.00
Cyclist 0.00 0 0.96 770.60 559.35 803.48 599.23 1.61 0.87 1.51 6.41 1.68 27.86 0.96
Car 0.00 0 -0.00 1232.48 556.88 1279.00 588.39 1.57 1.80 5.37 34.87 1.71 33.88 -0.00
Car 0.00 0 -1.58 0.00 597.17 250.23 809.25 1.62 1.85 3.99 -6.99 1.70 7.96 -1.58
Car 0.00 0 3.13 957.43 555.41 1032.11 576.12 1.39 1.99 4.18 25.06 1.81 45.32 3.13
Car 0.00 0 0.02 1053.03 557.64 1174.95 588.98 1.54 2.04 4.97 24.91 1.73 33.75 0.02
Car 0.00 0 1.52 719.87 565.53 819.17 637.41 1.65 2.15 5.03 3.66 1.69 19.07 1.52
Car 0.00 0 3.14 1048.72 525.89 1191.02 576.34 3.46 2.89 7.94 33.87 0.76 45.38 3.14
Car 0.00 0 0.67 708.71 557.31 797.44 588.81 1.49 2.16 4.79 6.24 1.75 35.08 0.67