Car 0.00 0 1.40 611.73 566.47 696.53 624.89 1.49 2.16 4.79 0.61 1.73 21.21 1.40
Car 0.00 0 1.56 593.58 598.00 688.09 699.38 1.38 1.48 2.21 0.01 1.80 11.14 1.56
Cyclist 0.00 0 -0.03 983.97 558.17 1028.19 594.89 1.61 0.87 1.51 16.59 1.64 29.02 -0.03
Motorcycle 0.00 0 1.56 859.02 600.76 1007.19 777.91 1.65 0.77 2.35 3.51 1.69 7.96 1.56
Car 0.00 0 -0.17 829.40 559.78 878.97 594.54 1.52 0.80 2.04 9.77 1.68 29.25 -0.17
Cyclist 0.00 0 0.92 809.48 561.89 846.96 608.66 1.61 0.87 1.51 7.01 1.65 23.80 0.92
Car 0.00 0 3.13 993.79 556.40 1079.68 579.79 1.39 1.99 4.18 24.97 1.75 40.38 3.13
Car 0.00 0 0.02 1120.20 559.72 1268.17 596.87 1.54 2.04 4.97 24.85 1.69 28.82 0.02
Car 0.00 0 1.45 743.20 567.88 853.07 653.14 1.65 2.15 5.03 3.90 1.67 16.70 1.45
Car 0.00 0 3.14 1095.44 523.26 1259.04 580.09 3.46 2.89 7.94 33.78 0.71 40.46 3.14
Car 0.00 0 0.14 824.28 558.46 935.81 591.29 1.49 2.16 4.79 11.98 1.71 32.10 0.14