Car 0.00 0 -1.00 590.85 579.36 708.39 676.52 -1.00 -1.00 -1.00 -1.00 -1.00 -1.00 -1.00
Car 0.00 0 -1.00 570.84 628.27 729.93 810.41 -1.00 -1.00 -1.00 -1.00 -1.00 -1.00 -1.00
Car 0.00 0 -1.00 983.62 526.08 1122.08 576.50 -1.00 -1.00 -1.00 -1.00 -1.00 -1.00 -1.00
Car 0.00 0 -1.00 666.95 555.14 691.40 580.13 -1.00 -1.00 -1.00 -1.00 -1.00 -1.00 -1.00
Car 0.00 0 -1.00 820.66 553.69 897.41 577.05 -1.00 -1.00 -1.00 -1.00 -1.00 -1.00 -1.00
Cyclist 0.00 0 -1.00 768.16 573.82 816.13 644.80 -1.00 -1.00 -1.00 -1.00 -1.00 -1.00 -1.00
Car 0.00 0 -1.00 669.67 551.79 744.66 574.87 -1.00 -1.00 -1.00 -1.00 -1.00 -1.00 -1.00
Car 0.00 0 -1.00 709.04 561.90 776.87 609.23 -1.00 -1.00 -1.00 -1.00 -1.00 -1.00 -1.00
Car 0.00 0 -1.00 802.07 549.91 822.50 568.38 -1.00 -1.00 -1.00 -1.00 -1.00 -1.00 -1.00
Car 0.00 0 -1.00 807.92 597.12 1272.20 886.48 -1.00 -1.00 -1.00 -1.00 -1.00 -1.00 -1.00
Car 0.00 0 -1.00 635.89 548.92 670.66 589.10 -1.00 -1.00 -1.00 -1.00 -1.00 -1.00 -1.00
Car 0.00 0 -1.00 617.96 565.85 685.70 618.61 -1.00 -1.00 -1.00 -1.00 -1.00 -1.00 -1.00
Car 0.00 0 -1.00 554.75 559.86 603.76 595.96 -1.00 -1.00 -1.00 -1.00 -1.00 -1.00 -1.00