Car 0.00 0 1.88 579.97 558.88 653.26 597.75 1.49 2.16 4.79 -1.20 1.70 29.69 1.88
Car 0.00 0 1.56 573.70 581.62 706.95 693.03 1.49 2.16 4.79 0.01 1.74 12.79 1.56
Car 0.00 0 3.13 1037.43 556.07 1087.86 579.05 1.38 1.48 2.21 26.75 1.73 40.55 3.13
Car 0.00 0 3.13 914.63 550.90 1003.26 576.10 1.65 2.15 5.03 21.88 1.60 44.07 3.13
Truck 0.00 0 -3.06 156.30 544.39 273.05 576.40 2.10 2.39 6.27 -28.96 1.36 43.78 -3.06
Car 0.00 0 0.05 149.87 546.42 253.01 583.40 2.04 2.07 4.48 -25.20 1.40 36.90 0.05
Car 0.00 0 1.00 733.78 560.01 803.44 593.69 1.39 1.99 4.18 6.39 1.75 31.46 1.00
Car 0.00 0 -3.09 931.36 553.19 1003.54 578.70 1.55 1.79 3.71 20.88 1.64 40.89 -3.09
Car 0.00 0 0.31 784.63 505.32 977.98 586.28 4.25 3.94 10.27 13.94 0.30 37.09 0.31
Car 0.00 0 2.99 370.09 554.00 439.13 579.20 1.50 1.85 3.63 -14.78 1.65 40.28 2.99
Car 0.00 0 3.13 1036.03 524.22 1182.44 576.26 3.46 2.89 7.94 32.11 0.68 44.03 3.13