Car 0.00 0 1.83 585.86 560.18 656.68 599.53 1.49 2.16 4.79 -0.97 1.75 29.35 1.83
Car 0.00 0 1.56 572.30 583.31 708.41 697.42 1.49 2.16 4.79 0.01 1.76 12.57 1.56
Car 0.00 0 3.13 1034.79 557.02 1084.74 579.84 1.38 1.48 2.21 26.75 1.80 40.83 3.13
Car 0.00 0 3.13 912.97 551.89 1000.92 576.92 1.65 2.15 5.03 21.89 1.67 44.35 3.13
Truck 0.00 0 -3.07 169.11 545.42 284.00 577.12 2.10 2.39 6.27 -28.38 1.43 44.13 -3.07
Car 0.00 0 0.05 153.84 547.43 255.93 584.11 2.04 2.07 4.48 -25.19 1.46 37.19 0.05
Car 0.00 0 1.00 732.95 560.92 802.09 594.21 1.39 1.99 4.18 6.39 1.80 31.74 1.00
Car 0.00 0 -3.09 929.45 554.16 1001.03 579.49 1.55 1.79 3.71 20.88 1.71 41.17 -3.09
Car 0.00 0 0.31 783.59 506.68 975.40 586.96 4.25 3.94 10.27 13.94 0.36 37.37 0.31
Car 0.00 0 2.94 382.60 554.98 450.80 580.12 1.50 1.85 3.63 -14.09 1.72 40.48 2.94
Car 0.00 0 3.13 1033.65 525.38 1178.87 577.09 3.46 2.89 7.94 32.12 0.75 44.31 3.13