Car 0.00 0 2.13 516.97 561.63 609.74 603.45 1.49 2.16 4.79 -3.46 1.78 28.05 2.13
Car 0.00 0 1.56 575.26 582.57 704.91 690.63 1.49 2.16 4.79 0.00 1.77 13.08 1.56
Car 0.00 0 3.13 1100.08 560.59 1161.54 587.51 1.38 1.48 2.21 26.73 1.84 34.90 3.13
Car 0.00 0 3.13 953.56 554.42 1057.85 583.53 1.65 2.15 5.03 21.86 1.71 38.41 3.13
Truck 0.00 0 -2.91 0.00 547.10 82.12 586.40 2.10 2.39 6.27 -36.39 1.47 36.67 -2.91
Car 0.00 0 0.05 57.13 549.54 184.94 593.62 2.04 2.07 4.48 -25.21 1.50 31.23 0.05
Car 0.00 0 1.00 755.02 566.04 837.26 608.80 1.39 1.99 4.18 6.37 1.83 25.80 1.00
Car 0.00 0 -3.09 976.58 557.22 1062.65 587.08 1.55 1.79 3.71 20.85 1.75 35.24 -3.09
Car 0.00 0 0.31 810.07 500.36 1038.85 597.69 4.25 3.94 10.27 13.92 0.40 31.43 0.31
Car 0.00 0 3.13 155.32 558.04 245.17 587.14 1.50 1.85 3.63 -23.95 1.76 34.95 3.13
Car 0.00 0 3.13 1091.81 523.78 1264.91 583.78 3.46 2.89 7.94 32.09 0.80 38.39 3.13