Car 0.00 0 1.75 709.03 565.96 793.40 620.61 1.49 2.16 4.79 4.04 1.76 22.53 1.75
Car 0.00 0 1.94 578.83 595.29 778.82 777.38 1.49 2.16 4.79 0.73 1.76 9.29 1.94
Car 0.00 0 1.86 688.66 581.84 756.22 648.97 1.38 1.48 2.21 2.11 1.82 16.01 1.86
Motorcycle 0.00 0 1.59 874.84 556.55 896.91 590.87 1.65 0.77 2.35 12.70 1.71 33.02 1.59
Car 0.00 0 -1.17 0.00 614.45 226.58 1001.00 1.51 2.13 4.90 -6.72 1.75 6.03 -1.17
Car 0.00 0 1.56 861.81 553.03 879.16 574.42 1.53 0.87 2.19 17.51 1.78 48.59 1.56
Cyclist 0.00 0 1.56 913.70 551.78 928.87 574.51 1.61 0.87 1.51 20.74 1.69 47.18 1.56
Car 0.00 0 1.56 914.53 551.09 947.50 571.68 1.54 2.04 4.97 24.30 1.74 53.34 1.56
Car 0.00 0 -1.58 700.65 557.16 754.50 580.15 1.30 1.89 4.72 5.88 1.86 42.48 -1.58
Car 0.00 0 1.56 881.74 552.91 929.39 582.86 1.65 2.15 5.03 16.80 1.69 40.33 1.56
Car 0.00 0 1.77 770.89 469.95 941.10 650.29 4.25 3.94 10.27 6.80 0.39 20.58 1.77
Car 0.00 0 1.57 813.47 547.92 859.39 584.01 1.99 1.77 4.44 12.00 1.51 38.94 1.57
Car 0.00 0 1.63 762.32 559.52 829.46 597.01 1.49 2.16 4.79 7.59 1.76 30.80 1.63