Car 0.00 0 1.68 738.18 562.08 812.23 606.30 1.49 2.16 4.79 5.78 1.76 26.87 1.68
Car 0.00 0 1.94 581.99 594.46 777.44 772.08 1.49 2.16 4.79 0.76 1.76 9.45 1.94
Car 0.00 0 1.80 708.33 576.10 768.68 631.14 1.38 1.48 2.21 2.95 1.82 18.89 1.80
Truck 0.00 0 -1.58 793.25 544.93 845.37 574.77 2.10 2.39 6.27 13.93 1.46 49.40 -1.58
Motorcycle 0.00 0 1.59 874.84 556.55 896.91 590.87 1.65 0.77 2.35 12.70 1.71 33.02 1.59
Car 0.00 0 -1.58 779.45 540.78 825.12 569.47 2.43 2.35 6.37 14.73 1.29 57.78 -1.58
Truck 0.00 0 1.93 809.69 558.32 1064.69 742.86 2.10 2.39 6.27 4.53 1.45 11.16 1.93
Cyclist 0.00 0 1.56 913.70 551.78 928.87 574.51 1.61 0.87 1.51 20.74 1.69 47.18 1.56
Car 0.00 0 1.56 914.53 551.09 947.50 571.68 1.54 2.04 4.97 24.30 1.74 53.34 1.56
Car 0.00 0 -1.39 496.64 569.86 602.69 617.24 1.30 1.89 4.72 -3.13 1.86 23.31 -1.39
Car 0.00 0 1.56 881.74 552.91 929.39 582.86 1.65 2.15 5.03 16.80 1.69 40.33 1.56
Car 0.00 0 1.73 780.79 477.38 924.23 629.85 4.25 3.94 10.27 7.85 0.38 23.35 1.73
Car 0.00 0 1.56 852.40 546.51 887.79 574.69 1.99 1.77 4.44 17.50 1.51 48.57 1.56
Car 0.00 0 1.58 804.51 556.06 859.63 585.38 1.49 2.16 4.79 11.47 1.76 38.00 1.58