Car 0.00 0 1.56 659.77 565.20 726.18 617.06 1.49 2.16 4.79 1.99 1.76 23.29 1.56
Car 0.00 0 1.58 569.38 595.68 772.05 778.03 1.49 2.16 4.79 0.52 1.76 9.22 1.58
Car 0.00 0 1.57 656.84 581.38 719.68 646.88 1.38 1.48 2.21 1.25 1.82 16.22 1.57
Motorcycle 0.00 0 1.59 898.70 603.51 1050.49 788.91 1.65 0.77 2.35 3.88 1.71 7.70 1.59
Car 0.00 0 0.02 925.87 527.81 1042.62 571.50 3.46 2.89 7.94 28.06 0.76 52.47 0.02
Car 0.00 0 1.16 714.76 552.45 735.45 572.85 1.53 0.87 2.19 6.74 1.77 50.60 1.16
Car 0.00 0 0.40 829.98 551.84 894.88 571.29 1.49 1.84 4.89 18.26 1.75 52.58 0.40
Cyclist 0.00 0 1.57 775.27 562.75 804.23 608.86 1.61 0.87 1.51 5.59 1.69 23.96 1.57
Car 0.00 0 -0.55 718.25 549.93 782.29 569.34 1.57 1.80 5.37 9.72 1.70 56.69 -0.55
Car 0.00 0 1.56 747.37 558.36 800.16 596.35 1.54 2.04 4.97 6.38 1.73 31.01 1.56
Car 0.00 0 1.56 774.24 569.67 902.55 660.00 1.65 2.15 5.03 4.71 1.69 16.04 1.56
Car 0.00 0 1.56 688.58 547.05 715.96 578.43 1.99 1.77 4.44 4.30 1.50 43.89 1.56
Car 0.00 0 1.56 674.72 558.86 721.81 594.48 1.49 2.16 4.79 2.95 1.76 31.90 1.56
Car 0.00 0 -2.10 670.31 550.80 709.73 568.95 1.50 1.85 3.63 4.45 1.73 56.62 -2.10