Car 0.00 0 1.56 659.77 565.32 726.18 617.18 1.49 2.16 4.79 1.99 1.76 23.29 1.56
Car 0.00 0 1.58 569.38 595.80 772.04 778.15 1.49 2.16 4.79 0.52 1.76 9.22 1.58
Car 0.00 0 1.57 656.84 581.50 719.68 647.00 1.38 1.48 2.21 1.25 1.82 16.22 1.57
Motorcycle 0.00 0 1.59 898.69 603.63 1050.50 789.03 1.65 0.77 2.35 3.88 1.71 7.70 1.59
Car 0.00 0 0.02 925.87 527.93 1042.61 571.63 3.46 2.89 7.94 28.06 0.77 52.47 0.02
Car 0.00 0 1.16 714.76 552.57 735.45 572.98 1.53 0.87 2.19 6.74 1.78 50.60 1.16
Car 0.00 0 0.40 829.98 551.96 894.88 571.41 1.49 1.84 4.89 18.26 1.76 52.58 0.40
Cyclist 0.00 0 1.57 775.27 562.87 804.23 608.99 1.61 0.87 1.51 5.59 1.69 23.96 1.57
Car 0.00 0 -0.55 718.25 550.05 782.29 569.46 1.57 1.80 5.37 9.72 1.71 56.69 -0.55
Car 0.00 0 1.56 747.37 558.48 800.16 596.47 1.54 2.04 4.97 6.38 1.74 31.01 1.56
Car 0.00 0 1.56 774.24 569.79 902.54 660.13 1.65 2.15 5.03 4.71 1.69 16.04 1.56
Car 0.00 0 1.56 688.58 547.17 715.96 578.55 1.99 1.77 4.44 4.30 1.51 43.89 1.56
Car 0.00 0 1.56 674.73 558.98 721.81 594.59 1.49 2.16 4.79 2.95 1.76 31.91 1.56
Car 0.00 0 -1.67 645.24 552.61 677.27 574.05 1.50 1.85 3.63 1.66 1.74 48.66 -1.67