Car 0.00 0 1.57 768.70 557.61 823.57 591.20 1.49 2.16 4.79 8.33 1.75 33.82 1.57
Car 0.00 0 1.78 621.91 583.99 762.84 706.37 1.49 2.16 4.79 1.19 1.76 12.18 1.78
Car 0.00 0 1.60 737.22 568.03 786.26 610.67 1.38 1.48 2.21 4.60 1.81 24.03 1.60
Truck 0.00 0 -1.46 488.80 552.51 659.87 657.26 2.10 2.39 6.27 -1.38 1.45 16.97 -1.46
Motorcycle 0.00 0 1.59 848.65 561.26 871.20 607.58 1.65 0.77 2.35 8.64 1.70 25.08 1.59
Car 0.00 0 -1.56 539.85 541.27 651.31 605.74 2.43 2.35 6.37 -1.70 1.28 27.68 -1.56
Truck 0.00 0 1.89 859.32 573.11 1279.00 1079.00 2.10 2.39 6.27 3.67 1.45 4.58 1.89
Cyclist 0.00 0 1.56 866.00 553.51 881.61 580.35 1.61 0.87 1.51 14.69 1.67 40.20 1.56
Car 0.00 0 -1.58 710.85 551.84 753.45 573.88 1.51 2.13 4.90 7.21 1.73 49.61 -1.58
Car 0.00 0 1.56 861.15 552.27 893.17 576.13 1.54 2.04 4.97 17.38 1.72 46.77 1.56
Car 0.00 0 -1.58 697.81 557.93 752.30 589.95 1.48 1.97 3.81 4.58 1.75 34.03 -1.58
Car 0.00 0 1.56 841.91 555.33 891.02 593.21 1.65 2.15 5.03 11.71 1.68 32.87 1.56
Car 0.00 0 1.73 771.23 420.78 1045.31 710.26 4.25 3.94 10.27 5.14 0.37 14.84 1.73
Car 0.00 0 1.56 825.88 545.31 851.49 569.45 1.99 1.77 4.44 17.56 1.49 56.45 1.56
Car 0.00 0 1.56 804.50 553.17 843.21 576.79 1.49 2.16 4.79 13.25 1.74 45.92 1.56