Car 0.00 0 1.57 769.92 557.71 824.10 591.01 1.49 2.16 4.79 8.43 1.76 34.05 1.57
Car 0.00 0 1.77 623.10 584.08 763.56 706.23 1.49 2.16 4.79 1.22 1.76 12.21 1.77
Car 0.00 0 1.60 738.82 568.11 787.36 610.51 1.38 1.48 2.21 4.67 1.82 24.15 1.60
Truck 0.00 0 -1.45 469.97 553.47 652.53 665.90 2.10 2.39 6.27 -1.58 1.45 16.04 -1.45
Motorcycle 0.00 0 1.59 849.17 561.70 871.75 608.61 1.65 0.77 2.35 8.56 1.70 24.79 1.59
Car 0.00 0 -1.55 529.51 541.50 644.85 608.38 2.43 2.35 6.37 -1.98 1.29 26.80 -1.55
Truck 0.00 0 1.89 866.06 574.68 1279.00 1079.00 2.10 2.39 6.27 3.65 1.45 4.28 1.89
Cyclist 0.00 0 1.56 865.57 553.80 881.23 580.83 1.61 0.87 1.51 14.57 1.69 39.92 1.56
Car 0.00 0 -1.58 707.11 552.20 750.50 574.73 1.51 2.13 4.90 6.83 1.74 48.78 -1.58
Car 0.00 0 1.56 860.50 552.54 892.54 576.55 1.54 2.04 4.97 17.24 1.73 46.51 1.56
Car 0.00 0 -1.58 692.20 558.61 748.46 591.70 1.48 1.97 3.81 4.21 1.76 33.08 -1.58
Car 0.00 0 1.56 841.79 555.65 891.01 593.91 1.65 2.15 5.03 11.60 1.69 32.59 1.56
Car 0.00 0 1.73 773.11 417.09 1056.31 716.04 4.25 3.94 10.27 5.09 0.38 14.54 1.73
Car 0.00 0 1.56 825.23 545.50 850.72 569.64 1.99 1.77 4.44 17.51 1.51 56.49 1.56
Car 0.00 0 1.56 804.41 553.35 842.85 576.88 1.49 2.16 4.79 13.26 1.76 46.03 1.56