Car 0.00 0 1.56 659.77 565.32 726.18 617.18 1.49 2.16 4.79 1.99 1.76 23.29 1.56
Car 0.00 0 1.58 569.38 595.80 772.04 778.15 1.49 2.16 4.79 0.52 1.76 9.22 1.58
Car 0.00 0 1.57 656.84 581.50 719.68 647.00 1.38 1.48 2.21 1.25 1.82 16.22 1.57
Motorcycle 0.00 0 1.57 801.88 571.60 848.40 644.33 1.65 0.77 2.35 4.79 1.71 16.72 1.57
Car 0.00 0 0.30 800.26 551.28 827.94 569.12 1.53 0.87 2.19 15.43 1.78 56.73 0.30
Cyclist 0.00 0 1.56 759.68 557.26 779.92 591.22 1.61 0.87 1.51 6.48 1.69 32.00 1.56
Car 0.00 0 -0.01 913.29 550.91 989.68 571.11 1.57 1.80 5.37 25.61 1.71 52.76 -0.01
Car 0.00 0 0.94 770.29 552.03 825.55 573.91 1.54 2.04 4.97 12.28 1.74 49.58 0.94
Car 0.00 0 -2.02 640.83 549.90 656.45 569.25 1.62 0.58 1.66 0.76 1.70 56.11 -2.02
Car 0.00 0 1.56 753.76 560.14 825.70 612.13 1.65 2.15 5.03 5.69 1.69 24.97 1.56
Car 0.00 0 1.62 750.65 0.00 1279.00 1079.00 4.25 3.94 10.27 3.57 0.37 5.64 1.62
Car 0.00 0 1.56 690.31 546.78 715.65 575.52 1.99 1.77 4.44 4.68 1.51 47.25 1.56
Car 0.00 0 1.56 674.74 558.97 721.81 594.57 1.49 2.16 4.79 2.95 1.76 31.91 1.56
Car 0.00 0 -1.58 456.47 578.74 583.84 666.83 1.50 1.85 3.63 -2.54 1.74 14.47 -1.58