Car 0.00 0 1.56 659.77 565.32 726.18 617.18 1.49 2.16 4.79 1.99 1.76 23.29 1.56
Car 0.00 0 1.58 569.38 595.80 772.04 778.15 1.49 2.16 4.79 0.52 1.76 9.22 1.58
Car 0.00 0 1.57 656.84 581.50 719.68 647.00 1.38 1.48 2.21 1.25 1.82 16.22 1.57
Motorcycle 0.00 0 1.58 890.22 601.07 1029.44 774.08 1.65 0.77 2.35 3.92 1.71 8.11 1.58
Car 0.00 0 1.16 714.76 552.57 735.45 572.98 1.53 0.87 2.19 6.74 1.78 50.60 1.16
Car 0.00 0 0.06 902.36 551.98 972.39 571.09 1.49 1.84 4.89 24.41 1.76 52.66 0.06
Cyclist 0.00 0 1.56 765.94 559.50 789.25 598.19 1.61 0.87 1.51 6.06 1.69 28.26 1.56
Car 0.00 0 -0.44 736.58 550.18 802.84 569.88 1.57 1.80 5.37 11.28 1.71 55.81 -0.44
Car 0.00 0 1.52 743.01 554.67 779.83 583.58 1.54 2.04 4.97 7.43 1.74 39.53 1.52
Car 0.00 0 1.56 766.00 565.85 870.04 640.07 1.65 2.15 5.03 5.01 1.69 18.76 1.56
Car 0.00 0 1.56 688.58 547.17 715.96 578.55 1.99 1.77 4.44 4.30 1.51 43.89 1.56
Car 0.00 0 1.56 674.74 558.97 721.81 594.58 1.49 2.16 4.79 2.95 1.76 31.91 1.56
Car 0.00 0 -1.59 609.99 557.89 653.96 590.40 1.50 1.85 3.63 -0.36 1.74 33.52 -1.59