Car 0.00 0 1.56 659.77 565.32 726.18 617.18 1.49 2.16 4.79 1.99 1.76 23.29 1.56
Car 0.00 0 1.58 569.38 595.80 772.04 778.15 1.49 2.16 4.79 0.52 1.76 9.22 1.58
Car 0.00 0 1.57 656.84 581.50 719.68 647.00 1.38 1.48 2.21 1.25 1.82 16.22 1.57
Motorcycle 0.00 0 1.58 849.42 587.48 938.68 710.02 1.65 0.77 2.35 4.17 1.71 10.73 1.58
Car 0.00 0 1.16 714.76 552.57 735.45 572.98 1.53 0.87 2.19 6.74 1.78 50.60 1.16
Car 0.00 0 0.03 931.79 551.76 1003.51 571.46 1.49 1.84 4.89 26.81 1.76 52.48 0.03
Cyclist 0.00 0 1.56 759.72 556.59 780.15 591.93 1.61 0.87 1.51 6.47 1.69 31.94 1.56
Car 0.00 0 -0.27 775.82 550.53 843.11 570.40 1.57 1.80 5.37 14.42 1.71 54.47 -0.27
Car 0.00 0 1.36 743.83 552.74 782.58 579.25 1.54 2.04 4.97 8.61 1.75 44.40 1.36
Car 0.00 0 1.56 757.39 561.93 838.26 619.95 1.65 2.15 5.03 5.45 1.69 22.76 1.56
Car 0.00 0 1.56 688.58 547.17 715.96 578.55 1.99 1.77 4.44 4.30 1.51 43.89 1.56
Car 0.00 0 1.56 674.74 558.98 721.81 594.58 1.49 2.16 4.79 2.95 1.76 31.91 1.56
Car 0.00 0 -1.58 588.17 561.06 642.61 601.19 1.50 1.85 3.63 -1.00 1.74 27.99 -1.58