Car 0.00 0 0.02 896.13 559.86 1013.01 592.08 1.49 2.16 4.79 15.65 1.77 32.02 0.02
Car 0.00 0 1.56 571.17 584.34 709.99 701.16 1.49 2.16 4.79 0.01 1.77 12.37 1.56
Car 0.00 0 1.56 622.15 566.28 659.45 603.50 1.38 1.48 2.21 0.03 1.83 26.51 1.56
Cyclist 0.00 0 -0.03 987.80 559.57 1032.62 596.72 1.61 0.87 1.51 16.59 1.70 28.70 -0.03
Motorcycle 0.00 0 1.56 842.60 597.50 970.90 755.26 1.65 0.77 2.35 3.51 1.71 8.70 1.56
Car 0.00 0 -0.17 831.49 561.20 881.69 596.37 1.52 0.80 2.04 9.77 1.74 28.93 -0.17
Cyclist 0.00 0 0.92 811.87 563.41 849.68 610.82 1.61 0.87 1.51 7.01 1.70 23.48 0.92
Car 0.00 0 3.13 994.81 557.72 1081.44 581.32 1.39 1.99 4.18 24.85 1.83 40.06 3.13
Car 0.00 0 0.02 1125.83 561.13 1275.87 598.75 1.54 2.04 4.97 24.86 1.75 28.50 0.02
Car 0.00 0 1.45 744.97 569.40 858.07 657.31 1.65 2.15 5.03 3.90 1.70 16.38 1.45
Car 0.00 0 3.14 1099.01 524.32 1264.16 581.62 3.46 2.89 7.94 33.78 0.78 40.14 3.14
Car 0.00 0 -0.00 1148.21 559.75 1279.00 591.95 1.49 2.16 4.79 28.74 1.77 32.10 -0.00