Car 0.00 0 0.30 774.76 557.95 873.61 588.30 1.49 2.16 4.79 10.04 1.77 34.99 0.30
Car 0.00 0 1.56 570.68 584.72 711.78 703.85 1.49 2.16 4.79 0.02 1.77 12.21 1.56
Car 0.00 0 1.56 621.95 567.50 661.21 606.77 1.38 1.48 2.21 0.06 1.83 25.25 1.56
Cyclist 0.00 0 -0.03 951.97 557.47 990.90 590.53 1.61 0.87 1.51 16.63 1.70 32.14 -0.03
Motorcycle 0.00 0 1.56 790.94 582.57 867.54 687.44 1.65 0.77 2.35 3.53 1.71 12.16 1.56
Car 0.00 0 -0.17 812.32 558.94 856.40 590.23 1.52 0.80 2.04 9.82 1.74 32.38 -0.17
Cyclist 0.00 0 0.92 790.43 560.47 824.03 601.41 1.61 0.87 1.51 7.05 1.70 26.93 0.92
Car 0.00 0 -0.00 1265.34 558.10 1279.00 591.52 1.57 1.80 5.37 34.88 1.72 32.06 -0.00
Car 0.00 0 3.13 968.41 556.33 1046.81 577.96 1.39 1.99 4.18 24.92 1.83 43.49 3.13
Car 0.00 0 0.02 1075.97 558.91 1206.46 592.18 1.54 2.04 4.97 24.91 1.74 31.93 0.02
Car 0.00 0 1.45 729.70 564.84 815.17 633.72 1.65 2.15 5.03 3.93 1.70 19.84 1.45
Car 0.00 0 1.56 789.43 275.57 1279.00 916.68 4.25 3.94 10.27 3.37 0.38 0.89 1.56
Car 0.00 0 3.14 1064.98 525.57 1214.52 578.21 3.46 2.89 7.94 33.85 0.78 43.56 3.14
Car 0.00 0 -0.00 1047.64 557.95 1162.20 586.74 1.49 2.16 4.79 25.70 1.77 35.51 -0.00