Car 0.00 0 0.06 846.27 559.32 954.53 590.20 1.49 2.16 4.79 13.57 1.79 33.55 0.06
Car 0.00 0 1.56 573.17 583.93 708.22 697.05 1.49 2.16 4.79 0.01 1.77 12.65 1.56
Car 0.00 0 1.56 622.18 566.82 659.76 604.39 1.38 1.48 2.21 0.04 1.84 26.32 1.56
Cyclist 0.00 0 -0.03 970.14 558.95 1012.06 594.10 1.61 0.87 1.51 16.60 1.72 30.28 -0.03
Motorcycle 0.00 0 1.56 814.82 589.93 913.58 718.21 1.65 0.77 2.35 3.51 1.72 10.29 1.56
Car 0.00 0 -0.17 821.96 560.50 869.16 593.78 1.52 0.80 2.04 9.78 1.76 30.51 -0.17
Cyclist 0.00 0 0.92 801.08 562.37 836.84 606.58 1.61 0.87 1.51 7.02 1.71 25.06 0.92
Car 0.00 0 3.13 981.95 557.46 1064.60 580.11 1.39 1.99 4.18 24.87 1.85 41.64 3.13
Car 0.00 0 0.02 1101.34 560.45 1241.68 595.94 1.54 2.04 4.97 24.87 1.76 30.07 0.02
Car 0.00 0 1.45 737.11 567.52 835.79 645.59 1.65 2.15 5.03 3.91 1.71 17.96 1.45
Car 0.00 0 3.14 1082.45 525.33 1240.03 580.38 3.46 2.89 7.94 33.80 0.81 41.71 3.14
Car 0.00 0 -0.00 1116.47 559.31 1241.96 589.79 1.49 2.16 4.79 28.26 1.79 33.67 -0.00