Car 0.00 0 1.56 673.95 557.96 715.77 589.27 1.49 2.16 4.79 3.09 1.81 35.61 1.56
Car 0.00 0 1.57 610.66 583.75 744.91 697.70 1.49 2.16 4.79 0.81 1.78 12.71 1.57
Car 0.00 0 1.56 669.37 570.01 711.62 612.55 1.38 1.48 2.21 1.88 1.85 23.60 1.56
Cyclist 0.00 0 -0.03 890.81 551.54 913.03 571.65 1.61 0.87 1.51 21.43 1.76 52.39 -0.03
Motorcycle 0.00 0 1.56 774.86 564.57 805.83 616.17 1.65 0.77 2.35 5.30 1.74 22.68 1.56
Car 0.00 0 -0.17 803.47 552.34 829.11 571.14 1.52 0.80 2.04 14.67 1.80 53.30 -0.17
Cyclist 0.00 0 1.38 749.93 553.98 766.27 580.15 1.61 0.87 1.51 7.70 1.75 41.67 1.38
Car 0.00 0 -1.58 552.32 555.24 597.20 586.14 1.62 1.85 3.99 -3.76 1.75 37.51 -1.58
Car 0.00 0 0.02 971.51 552.61 1048.72 572.90 1.54 2.04 4.97 29.63 1.81 51.36 0.02
Car 0.00 0 1.56 739.21 556.45 790.62 593.80 1.65 2.15 5.03 6.34 1.74 33.02 1.56
Car 0.00 0 1.58 741.53 232.48 1279.00 982.53 4.25 3.94 10.27 3.82 0.39 8.90 1.58
Car 0.00 0 1.32 688.24 553.80 731.73 576.37 1.49 2.16 4.79 5.29 1.83 47.76 1.32