Car 0.00 0 1.56 672.04 557.94 713.80 589.22 1.49 2.16 4.79 2.98 1.81 35.65 1.56
Car 0.00 0 1.57 612.63 583.28 744.56 694.83 1.49 2.16 4.79 0.83 1.78 12.90 1.57
Car 0.00 0 1.56 668.32 569.83 710.25 611.98 1.38 1.48 2.21 1.85 1.85 23.77 1.56
Cyclist 0.00 0 -0.03 890.84 551.68 913.42 572.09 1.61 0.87 1.51 21.15 1.76 51.65 -0.03
Motorcycle 0.00 0 1.56 773.04 564.40 803.94 615.72 1.65 0.77 2.35 5.26 1.74 22.81 1.56
Car 0.00 0 -0.17 802.38 552.50 828.39 571.58 1.52 0.80 2.04 14.38 1.80 52.52 -0.17
Cyclist 0.00 0 1.34 749.68 554.09 766.54 580.07 1.61 0.87 1.51 7.69 1.74 41.63 1.34
Car 0.00 0 -1.58 541.04 556.00 589.22 588.94 1.62 1.85 3.99 -4.08 1.75 35.46 -1.58
Car 0.00 0 0.02 972.50 552.77 1050.80 573.33 1.54 2.04 4.97 29.35 1.81 50.67 0.02
Car 0.00 0 1.56 737.25 556.44 789.00 594.01 1.65 2.15 5.03 6.23 1.74 32.93 1.56
Car 0.00 0 1.58 741.50 249.03 1279.00 970.74 4.25 3.94 10.27 3.85 0.39 9.04 1.58
Car 0.00 0 1.25 689.46 553.74 735.92 576.16 1.49 2.16 4.79 5.52 1.83 48.00 1.25