Car 0.00 0 1.56 524.10 600.89 757.83 811.35 1.49 2.16 4.79 0.03 1.76 8.32 1.56
Car 0.00 0 3.13 956.11 553.81 993.01 571.56 1.38 1.48 2.21 27.02 1.82 51.73 3.13
Car 0.00 0 3.13 863.86 549.86 932.09 569.76 1.65 2.15 5.03 22.22 1.69 55.27 3.13
Truck 0.00 0 1.56 611.47 548.34 675.06 607.00 2.10 2.39 6.27 0.14 1.46 27.19 1.56
Car 0.00 0 -1.58 0.00 462.97 419.36 741.70 3.46 2.89 7.94 -6.95 0.77 11.93 -1.58
Cyclist 0.00 0 -0.01 948.03 551.62 973.79 573.42 1.61 0.87 1.51 24.19 1.69 48.26 -0.01
Car 0.00 0 0.06 264.38 545.61 338.63 574.05 2.04 2.07 4.48 -25.51 1.48 48.36 0.06
Car 0.00 0 1.56 727.16 577.71 835.30 647.84 1.39 1.99 4.18 3.58 1.82 17.02 1.56
Car 0.00 0 -3.09 873.51 551.50 928.09 571.30 1.55 1.79 3.71 21.20 1.73 52.10 -3.09
Car 0.00 0 1.56 671.20 490.95 797.84 613.70 4.25 3.94 10.27 3.52 0.38 27.32 1.56
Car 0.00 0 1.56 603.37 574.02 682.38 646.75 1.50 1.85 3.63 0.08 1.74 16.76 1.56