Car 0.00 0 1.56 524.10 600.89 757.83 811.35 1.49 2.16 4.79 0.03 1.76 8.32 1.56
Car 0.00 0 3.13 961.02 553.82 998.05 571.55 1.38 1.48 2.21 27.42 1.82 51.72 3.13
Car 0.00 0 3.13 863.86 549.86 932.09 569.76 1.65 2.15 5.03 22.22 1.69 55.27 3.13
Truck 0.00 0 1.56 609.97 548.78 676.47 609.86 2.10 2.39 6.27 0.14 1.46 26.14 1.56
Car 0.00 0 -1.58 153.15 484.50 456.33 685.33 3.46 2.89 7.94 -6.93 0.77 15.01 -1.58
Cyclist 0.00 0 -0.01 921.44 551.62 946.70 573.41 1.61 0.87 1.51 22.17 1.69 48.28 -0.01
Car 0.00 0 0.09 239.83 546.03 315.06 574.05 2.04 2.07 4.48 -27.27 1.48 48.26 0.09
Car 0.00 0 1.56 728.73 578.45 839.88 650.39 1.39 1.99 4.18 3.58 1.82 16.67 1.56
Car 0.00 0 -3.09 873.51 551.50 928.09 571.30 1.55 1.79 3.71 21.20 1.73 52.10 -3.09
Car 0.00 0 1.56 672.01 487.97 804.36 616.02 4.25 3.94 10.27 3.52 0.38 26.40 1.56
Car 0.00 0 1.56 603.30 574.10 682.42 646.81 1.50 1.85 3.63 0.08 1.74 16.74 1.56