Car 0.00 0 1.56 545.07 595.15 737.52 763.68 1.49 2.16 4.79 0.03 1.77 9.59 1.56
Car 0.00 0 3.13 957.35 554.45 994.55 572.40 1.38 1.48 2.21 26.98 1.87 51.43 3.13
Car 0.00 0 3.13 864.47 550.54 933.11 570.55 1.65 2.15 5.03 22.17 1.75 54.98 3.13
Truck 0.00 0 1.60 618.67 547.57 667.20 591.39 2.10 2.39 6.27 0.06 1.49 34.65 1.60
Car 0.00 0 -1.57 0.00 225.22 45.64 1079.00 3.46 2.89 7.94 -7.01 0.78 2.02 -1.57
Cyclist 0.00 0 -0.01 1035.04 552.33 1062.61 574.30 1.61 0.87 1.51 30.59 1.74 47.90 -0.01
Car 0.00 0 0.05 268.61 546.68 342.80 574.78 2.04 2.07 4.48 -25.03 1.53 48.04 0.05
Car 0.00 0 1.56 711.45 571.37 792.31 624.45 1.39 1.99 4.18 3.59 1.84 21.31 1.56
Car 0.00 0 -3.09 874.24 552.20 929.17 572.11 1.55 1.79 3.71 21.15 1.78 51.81 -3.09
Car 0.00 0 1.53 671.28 502.67 760.00 596.38 4.25 3.94 10.27 3.69 0.42 34.26 1.53
Car 0.00 0 1.56 608.60 570.64 676.48 632.39 1.50 1.85 3.63 0.08 1.76 19.21 1.56