Car 0.00 0 1.60 703.33 567.17 784.74 623.96 1.49 2.16 4.79 3.67 1.78 21.82 1.60
Car 0.00 0 1.72 647.05 600.95 746.31 710.99 1.38 1.48 2.21 1.02 1.83 10.66 1.72
Truck 0.00 0 -1.57 618.03 549.23 716.17 610.28 2.10 2.39 6.27 1.31 1.47 26.29 -1.57
Motorcycle 0.00 0 1.59 842.40 565.43 868.35 620.49 1.65 0.77 2.35 7.19 1.72 21.45 1.59
Car 0.00 0 -1.58 613.58 541.67 688.81 590.22 2.43 2.35 6.37 0.78 1.32 35.62 -1.58
Car 0.00 0 1.54 806.46 552.06 819.15 570.57 1.53 0.87 2.19 14.90 1.82 55.17 1.54
Truck 0.00 0 1.89 1022.01 608.13 1279.00 1079.00 2.10 2.39 6.27 3.48 1.46 0.69 1.89
Cyclist 0.00 0 1.56 845.59 555.44 861.74 584.78 1.61 0.87 1.51 12.32 1.72 36.90 1.56
Car 0.00 0 -1.61 718.61 550.70 752.56 568.96 1.51 2.13 4.90 8.86 1.79 58.95 -1.61
Car 0.00 0 1.56 837.64 553.86 870.97 579.65 1.54 2.04 4.97 14.61 1.77 43.63 1.56
Car 0.00 0 -1.58 723.52 555.07 762.54 579.77 1.48 1.97 3.81 6.95 1.80 42.88 -1.58
Car 0.00 0 1.56 826.20 557.74 879.90 600.85 1.65 2.15 5.03 9.79 1.71 29.41 1.56
Car 0.00 0 1.73 763.96 342.24 1260.35 824.79 4.25 3.94 10.27 4.32 0.39 11.02 1.73
Car 0.00 0 1.56 786.89 547.41 817.46 577.22 1.99 1.77 4.44 11.65 1.54 45.82 1.56
Car 0.00 0 1.56 756.92 558.25 808.08 591.55 1.49 2.16 4.79 7.66 1.79 34.04 1.56