Car 0.00 0 1.66 689.03 571.23 782.81 638.83 1.49 2.16 4.79 2.99 1.79 18.95 1.66
Car 0.00 0 1.80 635.10 612.03 756.06 748.22 1.38 1.48 2.21 0.82 1.83 8.95 1.80
Truck 0.00 0 -1.58 705.91 547.25 770.46 588.22 2.10 2.39 6.27 5.83 1.50 37.18 -1.58
Motorcycle 0.00 0 1.59 850.34 563.51 873.26 612.65 1.65 0.77 2.35 8.25 1.74 23.77 1.59
Car 0.00 0 -1.58 687.31 541.81 742.03 578.64 2.43 2.35 6.37 5.46 1.35 45.83 -1.58
Car 0.00 0 1.56 822.96 553.00 836.35 572.74 1.53 0.87 2.19 15.51 1.85 52.30 1.56
Truck 0.00 0 1.91 949.55 592.58 1279.00 1079.00 2.10 2.39 6.27 3.51 1.46 1.79 1.91
Cyclist 0.00 0 1.56 862.90 555.06 878.68 582.77 1.61 0.87 1.51 14.06 1.74 38.98 1.56
Car 0.00 0 1.56 856.96 553.71 889.04 578.26 1.54 2.04 4.97 16.65 1.80 45.60 1.56
Car 0.00 0 -1.34 0.00 612.65 321.97 816.21 1.30 1.89 4.72 -6.46 1.87 8.28 -1.34
Car 0.00 0 -1.58 769.97 552.70 800.92 572.14 1.48 1.97 3.81 12.16 1.84 53.34 -1.58
Car 0.00 0 1.56 840.36 557.02 890.24 596.67 1.65 2.15 5.03 11.19 1.74 31.61 1.56
Car 0.00 0 1.73 775.75 402.00 1102.46 740.04 4.25 3.94 10.27 4.91 0.40 13.48 1.73
Car 0.00 0 1.56 797.20 548.26 832.22 581.08 1.99 1.77 4.44 11.58 1.57 42.24 1.56
Car 0.00 0 1.57 755.08 560.67 815.50 598.66 1.49 2.16 4.79 6.98 1.80 30.36 1.57