Car 0.00 0 1.75 633.63 580.34 759.74 685.16 1.49 2.16 4.79 1.42 1.76 13.62 1.75
Car 0.00 0 1.86 595.60 629.78 759.84 821.08 1.38 1.48 2.21 0.42 1.82 6.88 1.86
Truck 0.00 0 -1.58 769.01 544.43 808.63 570.91 2.10 2.39 6.27 12.91 1.45 55.20 -1.58
Motorcycle 0.00 0 1.59 844.51 561.43 866.91 607.48 1.65 0.77 2.35 8.52 1.71 25.21 1.59
Car 0.00 0 1.56 816.11 551.14 843.27 571.88 1.55 1.79 3.71 15.56 1.73 52.41 1.56
Car 0.00 0 1.56 807.74 554.57 824.63 578.36 1.53 0.87 2.19 12.02 1.78 43.62 1.56
Cyclist 0.00 0 1.56 861.84 553.73 877.36 580.46 1.61 0.87 1.51 14.49 1.69 40.36 1.56
Car 0.00 0 1.56 857.04 552.51 888.88 576.26 1.54 2.04 4.97 17.14 1.74 46.96 1.56
Car 0.00 0 -1.56 566.92 564.47 647.38 600.63 1.30 1.89 4.72 -1.37 1.86 29.00 -1.56
Car 0.00 0 1.56 837.87 555.54 886.67 593.22 1.65 2.15 5.03 11.54 1.69 33.02 1.56
Car 0.00 0 1.74 769.02 411.32 1060.36 718.73 4.25 3.94 10.27 4.92 0.38 14.28 1.74
Car 0.00 0 1.57 762.64 549.52 811.72 593.96 1.99 1.77 4.44 7.46 1.51 32.17 1.57
Car 0.00 0 1.62 707.05 565.50 788.94 619.06 1.49 2.16 4.79 3.99 1.76 22.94 1.62