Car 0.00 0 1.57 694.61 566.67 769.82 624.13 1.49 2.16 4.79 3.24 1.76 21.62 1.57
Car 0.00 0 1.61 659.86 595.17 750.27 692.54 1.38 1.48 2.21 1.26 1.82 11.76 1.61
Truck 0.00 0 -1.48 0.00 565.31 541.50 977.38 2.10 2.39 6.27 -3.09 1.45 6.92 -1.48
Motorcycle 0.00 0 1.59 848.04 575.50 899.81 660.53 1.65 0.77 2.35 5.30 1.70 14.63 1.59
Car 0.00 0 -1.57 338.10 542.07 540.03 655.24 2.43 2.35 6.37 -4.96 1.28 17.25 -1.57
Car 0.00 0 1.20 774.43 550.98 793.02 569.38 1.53 0.87 2.19 12.66 1.76 56.34 1.20
Cyclist 0.00 0 1.56 815.55 557.81 836.30 593.59 1.61 0.87 1.51 8.85 1.68 30.52 1.56
Car 0.00 0 -1.59 620.46 554.52 670.35 581.87 1.51 2.13 4.90 0.43 1.73 40.62 -1.59
Car 0.00 0 1.56 799.88 555.24 840.35 585.90 1.54 2.04 4.97 10.45 1.72 37.44 1.56
Car 0.00 0 -1.58 611.04 564.19 681.70 610.07 1.48 1.97 3.81 0.34 1.76 24.86 -1.58
Car 0.00 0 1.56 805.39 561.54 880.74 619.88 1.65 2.15 5.03 7.08 1.68 22.81 1.56
Car 0.00 0 1.73 765.58 0.00 1279.00 1079.00 4.25 3.94 10.27 3.48 0.38 3.96 1.73
Car 0.00 0 1.56 748.77 546.65 776.24 576.27 1.99 1.77 4.44 8.87 1.49 46.13 1.56
Car 0.00 0 1.56 730.60 557.32 775.91 589.99 1.49 2.16 4.79 6.19 1.75 34.55 1.56