Car 0.00 0 1.56 614.98 567.55 688.06 624.95 1.49 2.16 4.79 0.40 1.77 21.34 1.56
Car 0.00 0 1.57 593.03 608.14 706.93 733.97 1.38 1.48 2.21 0.15 1.82 9.43 1.57
Cyclist 0.00 0 -0.03 872.59 552.34 898.10 575.35 1.61 0.87 1.51 17.55 1.70 45.80 -0.03
Motorcycle 0.00 0 1.56 819.66 588.44 914.19 712.88 1.65 0.77 2.35 3.65 1.71 10.55 1.56
Car 0.00 0 -0.17 774.18 553.37 803.79 575.08 1.52 0.80 2.04 10.74 1.74 46.19 -0.17
Cyclist 0.00 0 1.54 719.53 559.04 742.21 596.67 1.61 0.87 1.51 4.11 1.70 29.05 1.54
Car 0.00 0 -0.00 1097.83 552.92 1194.27 576.18 1.57 1.80 5.37 35.77 1.72 45.32 -0.00
Car 0.00 0 -1.58 507.58 554.82 553.23 586.29 1.62 1.85 3.99 -6.23 1.71 36.79 -1.58
Car 0.00 0 0.02 961.45 553.43 1047.82 576.31 1.54 2.04 4.97 25.80 1.75 45.41 0.02
Car 0.00 0 1.56 719.29 564.16 813.82 629.59 1.65 2.15 5.03 3.88 1.70 20.55 1.56
Car 0.00 0 1.54 630.14 558.68 675.85 593.18 1.49 2.16 4.79 0.72 1.77 32.69 1.54