Car 0.00 0 1.55 609.63 565.96 677.61 618.88 1.49 2.16 4.79 0.15 1.77 22.77 1.55
Car 0.00 0 1.56 595.97 599.46 691.48 702.28 1.38 1.48 2.21 0.06 1.82 11.03 1.56
Cyclist 0.00 0 -0.03 904.53 554.59 935.86 582.12 1.61 0.87 1.51 16.81 1.69 38.43 -0.03
Motorcycle 0.00 0 1.56 824.64 591.33 930.62 727.50 1.65 0.77 2.35 3.55 1.71 9.82 1.56
Car 0.00 0 -0.17 787.59 555.84 823.59 581.86 1.52 0.80 2.04 10.00 1.73 38.70 -0.17
Car 0.00 0 0.00 1198.97 555.44 1244.53 579.49 1.53 0.87 2.19 37.95 1.78 41.77 0.00
Cyclist 0.00 0 1.24 732.54 558.88 758.27 597.49 1.61 0.87 1.51 4.75 1.69 28.80 1.24
Car 0.00 0 -0.00 1168.81 555.18 1279.00 582.90 1.57 1.80 5.37 35.04 1.72 38.26 -0.00
Car 0.00 0 -1.58 328.45 568.43 450.13 639.93 1.62 1.85 3.99 -6.90 1.70 18.09 -1.58
Car 0.00 0 3.13 932.56 554.25 999.45 573.04 1.39 1.99 4.18 25.28 1.82 49.73 3.13
Car 0.00 0 0.02 1009.02 555.84 1114.36 583.32 1.54 2.04 4.97 25.07 1.74 38.17 0.02
Car 0.00 0 1.56 712.82 564.74 811.16 632.15 1.65 2.15 5.03 3.62 1.69 20.01 1.56
Car 0.00 0 1.10 649.44 557.23 719.09 588.97 1.49 2.16 4.79 2.54 1.77 35.40 1.10