Car 0.00 0 -1.00 776.88 559.07 835.10 593.59 -1.00 -1.00 -1.00 -1.00 -1.00 -1.00 -1.00
Car 0.00 0 -1.00 644.31 581.57 768.97 686.52 -1.00 -1.00 -1.00 -1.00 -1.00 -1.00 -1.00
Car 0.00 0 -1.00 744.33 569.51 793.67 611.44 -1.00 -1.00 -1.00 -1.00 -1.00 -1.00 -1.00
Truck 0.00 0 -1.00 590.00 550.72 710.31 622.52 -1.00 -1.00 -1.00 -1.00 -1.00 -1.00 -1.00
Motorcycle 0.00 0 -1.00 860.46 560.99 883.04 603.80 -1.00 -1.00 -1.00 -1.00 -1.00 -1.00 -1.00
Car 0.00 0 -1.00 610.67 542.04 699.83 594.53 -1.00 -1.00 -1.00 -1.00 -1.00 -1.00 -1.00
Truck 0.00 0 -1.00 839.80 567.04 1279.00 1007.89 -1.00 -1.00 -1.00 -1.00 -1.00 -1.00 -1.00
Cyclist 0.00 0 -1.00 884.01 554.17 899.58 579.95 -1.00 -1.00 -1.00 -1.00 -1.00 -1.00 -1.00
Car 0.00 0 -1.00 749.14 551.77 787.15 571.24 -1.00 -1.00 -1.00 -1.00 -1.00 -1.00 -1.00
Car 0.00 0 -1.00 880.61 553.09 913.00 576.14 -1.00 -1.00 -1.00 -1.00 -1.00 -1.00 -1.00
Car 0.00 0 -1.00 740.38 556.60 786.85 583.70 -1.00 -1.00 -1.00 -1.00 -1.00 -1.00 -1.00
Car 0.00 0 -1.00 857.71 555.76 906.64 591.49 -1.00 -1.00 -1.00 -1.00 -1.00 -1.00 -1.00
Car 0.00 0 -1.00 775.85 442.92 1001.95 681.63 -1.00 -1.00 -1.00 -1.00 -1.00 -1.00 -1.00
Car 0.00 0 -1.00 845.15 546.57 871.74 570.52 -1.00 -1.00 -1.00 -1.00 -1.00 -1.00 -1.00
Car 0.00 0 -1.00 819.33 554.54 860.11 578.49 -1.00 -1.00 -1.00 -1.00 -1.00 -1.00 -1.00