Car 0.00 0 -1.00 659.77 565.31 726.18 617.17 -1.00 -1.00 -1.00 -1.00 -1.00 -1.00 -1.00
Car 0.00 0 -1.00 569.38 595.79 772.04 778.13 -1.00 -1.00 -1.00 -1.00 -1.00 -1.00 -1.00
Car 0.00 0 -1.00 656.84 581.48 719.68 646.98 -1.00 -1.00 -1.00 -1.00 -1.00 -1.00 -1.00
Motorcycle 0.00 0 -1.00 898.69 603.62 1050.49 789.01 -1.00 -1.00 -1.00 -1.00 -1.00 -1.00 -1.00
Car 0.00 0 -1.00 925.87 527.92 1042.61 571.61 -1.00 -1.00 -1.00 -1.00 -1.00 -1.00 -1.00
Car 0.00 0 -1.00 714.76 552.55 735.45 572.96 -1.00 -1.00 -1.00 -1.00 -1.00 -1.00 -1.00
Car 0.00 0 -1.00 829.98 551.95 894.88 571.40 -1.00 -1.00 -1.00 -1.00 -1.00 -1.00 -1.00
Cyclist 0.00 0 -1.00 775.27 562.86 804.23 608.97 -1.00 -1.00 -1.00 -1.00 -1.00 -1.00 -1.00
Car 0.00 0 -1.00 718.25 550.03 782.29 569.45 -1.00 -1.00 -1.00 -1.00 -1.00 -1.00 -1.00
Car 0.00 0 -1.00 747.37 558.47 800.16 596.45 -1.00 -1.00 -1.00 -1.00 -1.00 -1.00 -1.00
Car 0.00 0 -1.00 774.24 569.78 902.54 660.11 -1.00 -1.00 -1.00 -1.00 -1.00 -1.00 -1.00
Car 0.00 0 -1.00 688.58 547.16 715.95 578.54 -1.00 -1.00 -1.00 -1.00 -1.00 -1.00 -1.00
Car 0.00 0 -1.00 674.73 558.96 721.81 594.58 -1.00 -1.00 -1.00 -1.00 -1.00 -1.00 -1.00
Car 0.00 0 -1.00 659.62 551.16 697.04 570.33 -1.00 -1.00 -1.00 -1.00 -1.00 -1.00 -1.00