Car 0.00 0 -1.00 765.06 558.13 816.69 591.41 -1.00 -1.00 -1.00 -1.00 -1.00 -1.00 -1.00
Car 0.00 0 -1.00 635.67 583.20 771.03 700.01 -1.00 -1.00 -1.00 -1.00 -1.00 -1.00 -1.00
Car 0.00 0 -1.00 740.28 568.94 787.94 610.83 -1.00 -1.00 -1.00 -1.00 -1.00 -1.00 -1.00
Truck 0.00 0 -1.00 85.59 562.65 568.97 865.50 -1.00 -1.00 -1.00 -1.00 -1.00 -1.00 -1.00
Motorcycle 0.00 0 -1.00 850.18 564.93 875.45 619.06 -1.00 -1.00 -1.00 -1.00 -1.00 -1.00 -1.00
Car 0.00 0 -1.00 401.66 542.19 576.91 640.04 -1.00 -1.00 -1.00 -1.00 -1.00 -1.00 -1.00
Truck 0.00 0 -1.00 998.48 601.67 1279.00 1079.00 -1.00 -1.00 -1.00 -1.00 -1.00 -1.00 -1.00
Cyclist 0.00 0 -1.00 854.60 555.22 870.72 584.31 -1.00 -1.00 -1.00 -1.00 -1.00 -1.00 -1.00
Car 0.00 0 -1.00 665.85 554.62 717.20 581.04 -1.00 -1.00 -1.00 -1.00 -1.00 -1.00 -1.00
Car 0.00 0 -1.00 846.89 553.62 880.15 579.29 -1.00 -1.00 -1.00 -1.00 -1.00 -1.00 -1.00
Car 0.00 0 -1.00 638.44 563.65 710.95 607.49 -1.00 -1.00 -1.00 -1.00 -1.00 -1.00 -1.00
Car 0.00 0 -1.00 834.64 557.43 887.96 600.08 -1.00 -1.00 -1.00 -1.00 -1.00 -1.00 -1.00
Car 0.00 0 -1.00 772.00 354.36 1235.53 807.61 -1.00 -1.00 -1.00 -1.00 -1.00 -1.00 -1.00
Car 0.00 0 -1.00 809.52 545.96 834.15 570.27 -1.00 -1.00 -1.00 -1.00 -1.00 -1.00 -1.00
Car 0.00 0 -1.00 791.73 553.92 829.12 577.90 -1.00 -1.00 -1.00 -1.00 -1.00 -1.00 -1.00