Car 0.00 0 1.57 612.53 562.90 670.88 607.69 1.49 2.16 4.79 0.05 1.76 26.13 1.57
Car 0.00 0 1.56 571.51 584.44 711.07 701.77 1.49 2.16 4.79 0.03 1.76 12.32 1.56
Car 0.00 0 3.13 989.72 555.34 1032.15 575.34 1.38 1.48 2.21 26.84 1.82 46.35 3.13
Car 0.00 0 3.13 884.58 550.92 961.29 573.06 1.65 2.15 5.03 21.98 1.69 49.87 3.13
Truck 0.00 0 3.10 327.50 545.08 420.22 572.85 2.10 2.39 6.27 -20.75 1.46 50.09 3.10
Car 0.00 0 0.05 220.26 546.79 305.81 578.48 2.04 2.07 4.48 -25.14 1.49 42.80 0.05
Car 0.00 0 1.10 710.09 558.91 767.46 587.66 1.39 1.99 4.18 5.62 1.82 36.01 1.10
Car 0.00 0 -3.09 897.00 552.83 958.84 575.02 1.55 1.79 3.71 20.97 1.73 46.70 -3.09
Car 0.00 0 0.31 766.34 511.66 933.06 580.65 4.25 3.94 10.27 14.02 0.38 42.91 0.31
Car 0.00 0 2.38 522.93 554.44 579.88 579.41 1.50 1.85 3.63 -5.88 1.74 42.26 2.38
Car 0.00 0 3.13 992.53 527.36 1118.76 573.19 3.46 2.89 7.94 32.21 0.78 49.82 3.13