Car 0.00 0 2.20 496.72 561.53 593.33 603.44 1.49 2.16 4.79 -4.24 1.77 27.93 2.20
Car 0.00 0 1.57 573.66 583.18 707.04 694.78 1.49 2.16 4.79 -0.00 1.77 12.78 1.57
Car 0.00 0 3.13 1114.79 561.03 1178.98 588.87 1.38 1.48 2.21 26.72 1.83 33.79 3.13
Car 0.00 0 3.13 962.55 554.61 1070.56 584.64 1.65 2.15 5.03 21.86 1.70 37.30 3.13
Truck 0.00 0 -2.88 0.00 547.19 41.48 588.28 2.10 2.39 6.27 -37.50 1.46 35.22 -2.88
Car 0.00 0 0.05 34.59 549.66 168.64 595.45 2.04 2.07 4.48 -25.21 1.49 30.11 0.05
Car 0.00 0 1.00 760.40 566.88 845.64 611.99 1.39 1.99 4.18 6.37 1.83 24.68 1.00
Car 0.00 0 -3.09 987.21 557.54 1076.66 588.43 1.55 1.79 3.71 20.84 1.73 34.13 -3.09
Car 0.00 0 0.31 816.17 498.48 1053.52 599.85 4.25 3.94 10.27 13.92 0.39 30.32 0.31
Car 0.00 0 -3.10 109.80 558.39 205.74 588.71 1.50 1.85 3.63 -25.37 1.75 33.77 -3.10
Car 0.00 0 3.13 1104.68 523.05 1279.00 584.91 3.46 2.89 7.94 32.09 0.78 37.28 3.13