Car 0.00 0 1.61 762.50 559.81 829.73 598.34 1.49 2.16 4.79 7.44 1.76 30.11 1.61
Car 0.00 0 1.89 607.62 589.30 774.14 736.91 1.49 2.16 4.79 1.02 1.76 10.68 1.89
Car 0.00 0 1.73 717.58 573.81 776.35 626.33 1.38 1.48 2.21 3.37 1.82 19.92 1.73
Truck 0.00 0 -1.58 728.40 546.14 799.03 585.80 2.10 2.39 6.27 7.51 1.45 38.23 -1.58
Motorcycle 0.00 0 1.59 870.25 557.62 892.55 594.61 1.65 0.77 2.35 11.64 1.70 30.81 1.59
Car 0.00 0 -1.58 723.69 540.83 781.61 576.33 2.43 2.35 6.37 8.44 1.28 47.38 -1.58
Truck 0.00 0 1.89 816.65 558.36 1079.99 749.26 2.10 2.39 6.27 4.59 1.45 10.94 1.89
Cyclist 0.00 0 1.56 904.15 552.22 919.47 575.97 1.61 0.87 1.51 19.21 1.69 45.23 1.56
Car 0.00 0 1.56 903.52 551.40 936.29 572.83 1.54 2.04 4.97 22.56 1.73 51.49 1.56
Car 0.00 0 -1.24 0.00 603.91 366.94 766.47 1.30 1.89 4.72 -6.31 1.85 9.55 -1.24
Car 0.00 0 -1.58 810.45 551.73 844.24 571.11 1.48 1.97 3.81 15.70 1.76 53.51 -1.58
Car 0.00 0 1.56 874.08 553.49 922.21 585.32 1.65 2.15 5.03 15.49 1.69 38.25 1.56
Car 0.00 0 1.73 778.30 467.77 944.08 643.44 4.25 3.94 10.27 7.11 0.38 20.99 1.73
Car 0.00 0 1.56 859.23 545.96 889.65 571.28 1.99 1.77 4.44 19.56 1.50 53.31 1.56
Car 0.00 0 1.56 822.24 554.54 869.54 580.37 1.49 2.16 4.79 13.64 1.76 42.21 1.56