Car 0.00 0 1.74 712.65 565.41 795.49 618.75 1.49 2.16 4.79 4.23 1.76 23.03 1.74
Car 0.00 0 1.94 578.83 595.29 778.82 777.38 1.49 2.16 4.79 0.73 1.76 9.29 1.94
Car 0.00 0 1.86 688.66 581.84 756.22 648.97 1.38 1.48 2.21 2.11 1.82 16.01 1.86
Motorcycle 0.00 0 1.59 874.84 556.55 896.91 590.87 1.65 0.77 2.35 12.70 1.71 33.02 1.59
Car 0.00 0 1.56 871.56 552.25 887.53 572.07 1.53 0.87 2.19 19.46 1.78 51.98 1.56
Truck 0.00 0 2.04 892.56 581.82 1279.00 1079.00 2.10 2.39 6.27 3.53 1.46 3.06 2.04
Cyclist 0.00 0 1.56 913.70 551.78 928.87 574.51 1.61 0.87 1.51 20.74 1.69 47.18 1.56
Car 0.00 0 1.56 914.53 551.09 947.50 571.68 1.54 2.04 4.97 24.30 1.74 53.34 1.56
Car 0.00 0 -1.54 643.61 560.21 709.34 588.42 1.30 1.89 4.72 2.12 1.86 35.67 -1.54
Car 0.00 0 1.56 881.74 552.91 929.39 582.86 1.65 2.15 5.03 16.80 1.69 40.33 1.56
Car 0.00 0 1.73 780.75 474.55 924.47 626.85 4.25 3.94 10.27 7.87 0.37 23.37 1.73
Car 0.00 0 1.57 823.40 547.58 866.66 581.55 1.99 1.77 4.44 13.20 1.51 41.04 1.57
Car 0.00 0 1.61 772.84 558.61 837.45 593.79 1.49 2.16 4.79 8.46 1.76 32.47 1.61