Car 0.00 0 1.58 768.93 557.99 830.76 593.70 1.49 2.16 4.79 8.09 1.72 32.04 1.58
Car 0.00 0 1.87 591.96 591.82 777.16 758.53 1.49 2.16 4.79 0.83 1.75 9.85 1.87
Car 0.00 0 1.72 723.51 570.93 776.49 619.30 1.38 1.48 2.21 3.71 1.79 21.38 1.72
Truck 0.00 0 -1.57 671.69 546.62 758.72 596.14 2.10 2.39 6.27 3.86 1.41 31.47 -1.57
Motorcycle 0.00 0 1.59 860.21 558.01 882.59 597.77 1.65 0.77 2.35 10.44 1.67 28.83 1.59
Car 0.00 0 -1.58 674.87 540.23 743.40 581.73 2.43 2.35 6.37 4.56 1.24 41.06 -1.58
Truck 0.00 0 1.89 820.35 560.92 1223.48 834.28 2.10 2.39 6.27 4.16 1.44 8.69 1.89
Cyclist 0.00 0 1.56 888.93 551.90 904.31 576.61 1.61 0.87 1.51 17.46 1.63 43.52 1.56
Car 0.00 0 1.56 886.91 550.95 919.32 573.13 1.54 2.04 4.97 20.56 1.67 49.91 1.56
Car 0.00 0 -1.58 777.26 552.38 815.06 574.36 1.48 1.97 3.81 11.66 1.70 47.65 -1.58
Car 0.00 0 1.56 860.85 553.35 909.20 587.02 1.65 2.15 5.03 14.00 1.65 36.40 1.56
Car 0.00 0 1.73 771.21 455.39 963.64 659.21 4.25 3.94 10.27 6.29 0.35 18.84 1.73
Car 0.00 0 1.56 846.35 544.96 875.15 570.31 1.99 1.77 4.44 18.67 1.44 54.01 1.56
Car 0.00 0 1.56 816.50 553.35 860.50 578.38 1.49 2.16 4.79 13.54 1.71 43.48 1.56