Car 0.00 0 1.71 730.84 562.99 806.10 609.54 1.49 2.16 4.79 5.27 1.76 25.73 1.71
Car 0.00 0 1.94 578.83 595.29 778.82 777.38 1.49 2.16 4.79 0.73 1.76 9.29 1.94
Car 0.00 0 1.80 701.88 577.34 765.60 636.63 1.38 1.48 2.21 2.67 1.82 17.96 1.80
Truck 0.00 0 -1.58 802.92 544.73 852.15 573.18 2.10 2.39 6.27 15.20 1.46 51.61 -1.58
Motorcycle 0.00 0 1.59 874.84 556.55 896.91 590.87 1.65 0.77 2.35 12.70 1.71 33.02 1.59
Truck 0.00 0 1.94 813.04 559.40 1123.94 779.35 2.10 2.39 6.27 4.33 1.46 9.98 1.94
Cyclist 0.00 0 1.56 913.70 551.78 928.87 574.51 1.61 0.87 1.51 20.74 1.69 47.18 1.56
Car 0.00 0 1.56 914.53 551.09 947.50 571.68 1.54 2.04 4.97 24.30 1.74 53.34 1.56
Car 0.00 0 -1.41 536.19 567.07 628.83 608.44 1.30 1.89 4.72 -2.20 1.86 25.98 -1.41
Car 0.00 0 1.56 881.74 552.91 929.39 582.86 1.65 2.15 5.03 16.80 1.69 40.33 1.56
Car 0.00 0 1.73 780.79 477.21 924.25 629.67 4.25 3.94 10.27 7.85 0.38 23.35 1.73
Car 0.00 0 1.56 845.98 546.72 883.07 576.23 1.99 1.77 4.44 16.42 1.51 46.69 1.56
Car 0.00 0 1.58 794.62 556.83 852.83 587.85 1.49 2.16 4.79 10.46 1.76 36.17 1.58