Car 0.00 0 1.57 767.22 557.76 823.48 591.94 1.49 2.16 4.79 8.18 1.75 33.37 1.57
Car 0.00 0 1.79 622.80 583.61 762.01 704.16 1.49 2.16 4.79 1.20 1.76 12.30 1.79
Car 0.00 0 1.61 735.30 568.21 785.18 611.15 1.38 1.48 2.21 4.51 1.81 23.85 1.61
Truck 0.00 0 -1.47 524.06 551.37 673.76 643.07 2.10 2.39 6.27 -0.90 1.44 18.84 -1.47
Motorcycle 0.00 0 1.59 848.87 560.76 871.38 605.96 1.65 0.77 2.35 8.84 1.69 25.65 1.59
Car 0.00 0 -1.57 560.79 541.11 664.46 601.31 2.43 2.35 6.37 -1.05 1.27 29.41 -1.57
Truck 0.00 0 1.89 848.80 570.64 1279.00 1079.00 2.10 2.39 6.27 3.71 1.45 5.18 1.89
Cyclist 0.00 0 1.56 868.02 553.29 883.57 579.77 1.61 0.87 1.51 15.01 1.67 40.71 1.56
Car 0.00 0 -1.59 719.76 551.43 760.75 572.52 1.51 2.13 4.90 8.11 1.72 51.43 -1.59
Car 0.00 0 1.56 863.61 552.10 895.63 575.68 1.54 2.04 4.97 17.75 1.72 47.27 1.56
Car 0.00 0 -1.58 709.74 556.96 760.95 587.02 1.48 1.97 3.81 5.41 1.75 35.96 -1.58
Car 0.00 0 1.56 843.35 555.04 892.27 592.22 1.65 2.15 5.03 11.97 1.68 33.41 1.56
Car 0.00 0 1.73 769.09 427.71 1026.92 700.22 4.25 3.94 10.27 5.26 0.37 15.43 1.73
Car 0.00 0 1.56 828.28 545.33 854.15 569.34 1.99 1.77 4.44 17.76 1.48 56.37 1.56
Car 0.00 0 1.56 805.48 553.19 844.86 577.06 1.49 2.16 4.79 13.24 1.74 45.58 1.56