Car 0.00 0 1.56 752.88 558.46 804.19 593.29 1.49 2.16 4.79 7.17 1.77 32.77 1.56
Car 0.00 0 1.67 627.66 585.15 770.90 709.22 1.49 2.16 4.79 1.33 1.76 12.01 1.67
Car 0.00 0 1.58 732.83 570.07 780.99 614.33 1.38 1.48 2.21 4.22 1.82 22.90 1.58
Truck 0.00 0 -1.34 0.00 591.66 372.38 1079.00 2.10 2.39 6.27 -3.44 1.45 1.83 -1.34
Motorcycle 0.00 0 1.59 849.20 568.05 881.91 631.12 1.65 0.77 2.35 6.67 1.71 19.00 1.59
Car 0.00 0 -1.48 188.36 542.90 490.14 701.09 2.43 2.35 6.37 -5.57 1.29 13.30 -1.48
Cyclist 0.00 0 1.57 842.30 555.97 860.03 587.36 1.61 0.87 1.51 11.42 1.69 34.64 1.57
Car 0.00 0 -1.58 620.29 556.53 681.88 588.72 1.51 2.13 4.90 0.71 1.75 35.62 -1.58
Car 0.00 0 1.56 832.23 554.12 867.39 581.49 1.54 2.04 4.97 13.53 1.74 41.42 1.56
Car 0.00 0 -1.56 575.06 569.73 672.01 629.14 1.48 1.97 3.81 -0.40 1.77 20.07 -1.56
Car 0.00 0 1.56 826.91 558.72 885.92 606.37 1.65 2.15 5.03 9.05 1.70 27.03 1.56
Car 0.00 0 1.73 768.38 185.52 1279.00 1048.79 4.25 3.94 10.27 4.06 0.38 8.50 1.73
Car 0.00 0 1.56 791.07 546.00 815.46 570.67 1.99 1.77 4.44 13.91 1.51 54.39 1.56
Car 0.00 0 1.56 774.07 554.40 812.15 579.86 1.49 2.16 4.79 10.32 1.77 42.90 1.56