Car 0.00 0 1.56 737.48 559.13 787.13 593.71 1.49 2.16 4.79 6.35 1.80 32.83 1.56
Car 0.00 0 1.64 637.16 581.90 764.28 690.64 1.49 2.16 4.79 1.45 1.78 13.26 1.64
Car 0.00 0 1.57 724.36 569.53 769.75 612.09 1.38 1.48 2.21 4.01 1.85 23.79 1.57
Motorcycle 0.00 0 1.59 842.10 571.54 881.57 642.48 1.65 0.77 2.35 5.90 1.72 17.13 1.59
Car 0.00 0 -1.41 0.00 545.91 258.11 1079.00 2.43 2.35 6.37 -6.70 1.30 5.71 -1.41
Cyclist 0.00 0 1.57 825.18 557.43 844.17 590.45 1.61 0.87 1.51 10.01 1.73 32.95 1.57
Car 0.00 0 -1.58 545.46 561.35 629.17 603.60 1.51 2.13 4.90 -2.18 1.78 28.09 -1.58
Car 0.00 0 1.56 813.23 555.30 849.99 583.90 1.54 2.04 4.97 11.84 1.78 39.81 1.56
Car 0.00 0 -1.51 421.32 586.22 594.01 695.81 1.48 1.97 3.81 -2.33 1.78 12.38 -1.51
Car 0.00 0 1.56 813.12 560.55 877.24 612.21 1.65 2.15 5.03 7.96 1.72 25.24 1.56
Car 0.00 0 1.73 760.46 0.00 1279.00 1079.00 4.25 3.94 10.27 3.72 0.39 6.53 1.73
Car 0.00 0 1.56 769.17 546.65 793.58 572.47 1.99 1.77 4.44 11.71 1.57 52.85 1.56
Car 0.00 0 1.56 753.07 555.59 791.75 582.30 1.49 2.16 4.79 8.58 1.81 41.15 1.56