Car 0.00 0 1.56 659.77 565.32 726.18 617.18 1.49 2.16 4.79 1.99 1.76 23.29 1.56
Car 0.00 0 1.58 569.38 595.80 772.04 778.15 1.49 2.16 4.79 0.52 1.76 9.22 1.58
Car 0.00 0 1.57 656.84 581.50 719.68 647.00 1.38 1.48 2.21 1.25 1.82 16.22 1.57
Motorcycle 0.00 0 1.59 898.69 603.63 1050.50 789.03 1.65 0.77 2.35 3.88 1.71 7.70 1.59
Car 0.00 0 1.16 714.76 552.57 735.45 572.98 1.53 0.87 2.19 6.74 1.78 50.60 1.16
Car 0.00 0 0.15 868.00 552.08 936.29 570.87 1.49 1.84 4.89 21.58 1.76 52.78 0.15
Cyclist 0.00 0 1.56 770.53 561.28 796.27 603.19 1.61 0.87 1.51 5.82 1.69 26.03 1.56
Car 0.00 0 -0.54 720.65 550.02 785.09 569.56 1.57 1.80 5.37 9.93 1.71 56.56 -0.54
Car 0.00 0 1.56 742.30 555.81 785.44 587.10 1.54 2.04 4.97 7.01 1.74 36.67 1.56
Car 0.00 0 1.56 772.67 569.00 896.63 656.54 1.65 2.15 5.03 4.76 1.69 16.47 1.56
Car 0.00 0 1.56 688.58 547.17 715.96 578.55 1.99 1.77 4.44 4.30 1.51 43.89 1.56
Car 0.00 0 1.56 674.74 558.98 721.81 594.58 1.49 2.16 4.79 2.95 1.76 31.91 1.56
Car 0.00 0 -1.59 619.32 556.31 659.15 585.95 1.50 1.85 3.63 0.01 1.74 36.65 -1.59