Car 0.00 0 1.56 659.77 565.32 726.18 617.18 1.49 2.16 4.79 1.99 1.76 23.29 1.56
Car 0.00 0 1.58 569.38 595.80 772.04 778.15 1.49 2.16 4.79 0.52 1.76 9.22 1.58
Car 0.00 0 1.57 656.84 581.50 719.68 647.00 1.38 1.48 2.21 1.25 1.82 16.22 1.57
Motorcycle 0.00 0 1.57 801.90 571.50 848.40 644.41 1.65 0.77 2.35 4.79 1.71 16.72 1.57
Car 0.00 0 0.46 783.17 551.23 810.27 569.49 1.53 0.87 2.19 13.80 1.78 56.37 0.46
Cyclist 0.00 0 1.56 759.68 557.26 779.93 591.22 1.61 0.87 1.51 6.48 1.69 32.00 1.56
Car 0.00 0 -0.02 885.14 550.85 959.84 570.97 1.57 1.80 5.37 23.33 1.71 53.02 -0.02
Car 0.00 0 0.98 766.31 552.03 820.21 574.40 1.54 2.04 4.97 11.82 1.74 49.15 0.98
Car 0.00 0 -2.17 652.98 549.65 669.35 568.27 1.62 0.58 1.66 1.92 1.70 57.89 -2.17
Car 0.00 0 1.56 753.76 560.14 825.70 612.13 1.65 2.15 5.03 5.69 1.69 24.97 1.56
Car 0.00 0 1.62 751.83 0.00 1279.00 1079.00 4.25 3.94 10.27 3.53 0.38 5.16 1.62
Car 0.00 0 1.56 689.80 546.78 715.74 576.60 1.99 1.77 4.44 4.56 1.51 46.21 1.56
Car 0.00 0 1.56 674.74 558.98 721.81 594.58 1.49 2.16 4.79 2.95 1.76 31.91 1.56
Car 0.00 0 -1.58 488.11 574.80 596.73 651.00 1.50 1.85 3.63 -2.34 1.74 16.27 -1.58