Car 0.00 0 1.56 659.77 565.32 726.18 617.18 1.49 2.16 4.79 1.99 1.76 23.29 1.56
Car 0.00 0 1.58 569.38 595.80 772.04 778.15 1.49 2.16 4.79 0.52 1.76 9.22 1.58
Car 0.00 0 1.57 656.84 581.50 719.68 647.00 1.38 1.48 2.21 1.25 1.82 16.22 1.57
Motorcycle 0.00 0 1.57 801.89 571.18 848.47 644.72 1.65 0.77 2.35 4.79 1.71 16.72 1.57
Car 0.00 0 0.59 766.30 551.41 792.82 569.82 1.53 0.87 2.19 12.15 1.78 55.71 0.59
Cyclist 0.00 0 1.56 759.68 557.26 779.93 591.22 1.61 0.87 1.51 6.48 1.69 32.00 1.56
Car 0.00 0 -0.03 868.00 550.84 941.62 570.87 1.57 1.80 5.37 21.93 1.71 53.18 -0.03
Car 0.00 0 0.98 765.82 551.74 819.79 574.98 1.54 2.04 4.97 11.78 1.75 49.11 0.98
Car 0.00 0 -2.24 662.96 549.49 679.65 567.68 1.62 0.58 1.66 2.89 1.70 59.04 -2.24
Car 0.00 0 1.56 753.76 560.14 825.70 612.13 1.65 2.15 5.03 5.69 1.69 24.97 1.56
Car 0.00 0 1.63 754.88 0.00 1279.00 1079.00 4.25 3.94 10.27 3.46 0.38 4.20 1.63
Car 0.00 0 1.56 689.39 546.90 715.81 577.30 1.99 1.77 4.44 4.47 1.51 45.38 1.56
Car 0.00 0 1.56 674.74 558.98 721.81 594.58 1.49 2.16 4.79 2.95 1.76 31.91 1.56
Car 0.00 0 -1.58 505.82 572.34 604.28 642.27 1.50 1.85 3.63 -2.19 1.74 17.52 -1.58