Car 0.00 0 1.56 659.77 565.32 726.18 617.18 1.49 2.16 4.79 1.99 1.76 23.29 1.56
Car 0.00 0 1.58 569.38 595.80 772.04 778.15 1.49 2.16 4.79 0.52 1.76 9.22 1.58
Car 0.00 0 1.57 656.84 581.50 719.68 647.00 1.38 1.48 2.21 1.25 1.82 16.22 1.57
Motorcycle 0.00 0 1.59 898.69 603.63 1050.50 789.03 1.65 0.77 2.35 3.88 1.71 7.70 1.59
Car 0.00 0 1.16 714.76 552.57 735.45 572.98 1.53 0.87 2.19 6.74 1.78 50.60 1.16
Car 0.00 0 0.36 833.53 551.87 899.15 571.47 1.49 1.84 4.89 18.60 1.76 52.62 0.36
Cyclist 0.00 0 1.56 775.19 562.91 803.43 608.56 1.61 0.87 1.51 5.60 1.69 24.07 1.56
Car 0.00 0 -0.55 718.25 550.05 782.29 569.46 1.57 1.80 5.37 9.72 1.71 56.69 -0.55
Car 0.00 0 1.56 746.14 558.08 796.57 593.76 1.54 2.04 4.97 6.51 1.74 32.22 1.56
Car 0.00 0 1.56 774.24 569.79 902.54 660.13 1.65 2.15 5.03 4.71 1.69 16.04 1.56
Car 0.00 0 1.56 688.58 547.17 715.96 578.55 1.99 1.77 4.44 4.30 1.51 43.89 1.56
Car 0.00 0 1.56 674.73 558.98 721.81 594.59 1.49 2.16 4.79 2.95 1.76 31.91 1.56
Car 0.00 0 -1.60 632.84 554.39 667.01 579.57 1.50 1.85 3.63 0.70 1.74 42.18 -1.60