Car 0.00 0 1.56 659.77 565.32 726.18 617.18 1.49 2.16 4.79 1.99 1.76 23.29 1.56
Car 0.00 0 1.58 569.38 595.80 772.04 778.15 1.49 2.16 4.79 0.52 1.76 9.22 1.58
Car 0.00 0 1.57 656.84 581.50 719.68 647.00 1.38 1.48 2.21 1.25 1.82 16.22 1.57
Motorcycle 0.00 0 1.58 863.20 592.09 967.56 730.53 1.65 0.77 2.35 4.07 1.71 9.70 1.58
Car 0.00 0 1.16 714.76 552.57 735.45 572.98 1.53 0.87 2.19 6.74 1.78 50.60 1.16
Car 0.00 0 0.03 927.96 552.01 999.33 571.22 1.49 1.84 4.89 26.49 1.76 52.50 0.03
Cyclist 0.00 0 1.56 761.32 557.84 782.34 593.04 1.61 0.87 1.51 6.36 1.69 30.93 1.56
Car 0.00 0 -0.33 762.67 550.46 830.13 570.26 1.57 1.80 5.37 13.38 1.71 54.83 -0.33
Car 0.00 0 1.43 743.35 553.57 778.41 579.62 1.54 2.04 4.97 8.20 1.74 43.13 1.43
Car 0.00 0 1.56 759.42 562.86 845.51 624.56 1.65 2.15 5.03 5.33 1.69 21.68 1.56
Car 0.00 0 1.56 688.58 547.17 715.96 578.55 1.99 1.77 4.44 4.30 1.51 43.89 1.56
Car 0.00 0 1.56 674.74 558.98 721.81 594.58 1.49 2.16 4.79 2.95 1.76 31.91 1.56
Car 0.00 0 -1.58 596.00 560.09 646.57 597.22 1.50 1.85 3.63 -0.80 1.74 29.73 -1.58