Car 0.00 0 1.56 659.77 565.32 726.18 617.18 1.49 2.16 4.79 1.99 1.76 23.29 1.56
Car 0.00 0 1.58 569.38 595.80 772.04 778.15 1.49 2.16 4.79 0.52 1.76 9.22 1.58
Car 0.00 0 1.57 656.84 581.50 719.68 647.00 1.38 1.48 2.21 1.25 1.82 16.22 1.57
Motorcycle 0.00 0 1.57 807.75 573.64 858.67 651.85 1.65 0.77 2.35 4.68 1.71 15.67 1.57
Car 0.00 0 0.77 750.99 551.44 776.28 570.52 1.53 0.87 2.19 10.60 1.78 54.83 0.77
Cyclist 0.00 0 1.56 759.68 557.26 779.93 591.22 1.61 0.87 1.51 6.48 1.69 32.00 1.56
Car 0.00 0 -0.04 850.87 550.90 923.34 570.71 1.57 1.80 5.37 20.53 1.71 53.35 -0.04
Car 0.00 0 1.05 760.96 552.15 812.82 574.98 1.54 2.04 4.97 11.18 1.74 48.47 1.05
Car 0.00 0 1.56 753.76 560.15 825.70 612.12 1.65 2.15 5.03 5.69 1.69 24.97 1.56
Car 0.00 0 1.65 760.39 40.89 1279.00 1079.00 4.25 3.94 10.27 3.38 0.38 2.87 1.65
Car 0.00 0 1.56 688.95 546.99 715.90 578.10 1.99 1.77 4.44 4.37 1.51 44.54 1.56
Car 0.00 0 1.56 674.74 558.98 721.81 594.58 1.49 2.16 4.79 2.95 1.76 31.91 1.56
Car 0.00 0 -1.58 528.48 569.55 614.22 630.81 1.50 1.85 3.63 -1.97 1.74 19.47 -1.58