Car 0.00 0 1.56 659.77 565.32 726.18 617.18 1.49 2.16 4.79 1.99 1.76 23.29 1.56
Car 0.00 0 1.58 569.38 595.80 772.04 778.15 1.49 2.16 4.79 0.52 1.76 9.22 1.58
Car 0.00 0 1.57 656.84 581.50 719.68 647.00 1.38 1.48 2.21 1.25 1.82 16.22 1.57
Car 0.00 0 -1.58 562.63 560.17 639.66 612.52 1.65 2.15 5.03 -1.37 1.69 24.86 -1.58
Cyclist 0.00 0 -0.06 845.58 550.12 866.78 570.36 1.61 0.87 1.51 18.17 1.69 53.82 -0.06
Motorcycle 0.00 0 1.57 801.88 571.61 848.40 644.31 1.65 0.77 2.35 4.79 1.71 16.72 1.57
Car 0.00 0 -1.95 613.29 551.69 655.46 570.74 1.47 1.82 4.19 -0.43 1.77 54.33 -1.95
Cyclist 0.00 0 1.56 759.67 557.25 779.89 591.21 1.61 0.87 1.51 6.48 1.69 32.01 1.56
Car 0.00 0 -1.58 405.94 571.03 453.16 636.92 1.62 0.58 1.66 -5.72 1.70 17.48 -1.58
Car 0.00 0 1.56 753.76 560.14 825.70 612.13 1.65 2.15 5.03 5.69 1.69 24.97 1.56
Car 0.00 0 1.62 750.58 0.00 1279.00 1079.00 4.25 3.94 10.27 3.56 0.38 5.61 1.62
Car 0.00 0 1.56 693.09 545.82 715.17 571.20 1.99 1.77 4.44 5.43 1.51 53.91 1.56
Car 0.00 0 1.56 674.75 558.97 721.81 594.57 1.49 2.16 4.79 2.95 1.76 31.92 1.56