Car 0.00 0 1.56 659.77 565.32 726.18 617.18 1.49 2.16 4.79 1.99 1.76 23.29 1.56
Car 0.00 0 1.58 569.38 595.80 772.04 778.15 1.49 2.16 4.79 0.52 1.76 9.22 1.58
Car 0.00 0 1.57 656.84 581.50 719.68 647.00 1.38 1.48 2.21 1.25 1.82 16.22 1.57
Car 0.00 0 -1.58 589.22 557.26 650.69 599.42 1.65 2.15 5.03 -0.82 1.69 29.71 -1.58
Cyclist 0.00 0 -0.16 817.19 550.31 835.93 569.81 1.61 0.87 1.51 15.81 1.69 54.25 -0.16
Motorcycle 0.00 0 1.57 801.88 571.61 848.40 644.31 1.65 0.77 2.35 4.79 1.71 16.72 1.57
Car 0.00 0 -2.23 643.07 550.89 688.23 568.28 1.47 1.82 4.19 2.38 1.77 58.70 -2.23
Cyclist 0.00 0 1.56 759.67 557.26 779.91 591.21 1.61 0.87 1.51 6.48 1.69 32.01 1.56
Car 0.00 0 -1.58 483.14 563.72 514.21 612.51 1.62 0.58 1.66 -5.08 1.70 23.09 -1.58
Car 0.00 0 1.56 753.76 560.14 825.70 612.13 1.65 2.15 5.03 5.69 1.69 24.97 1.56
Car 0.00 0 1.62 750.58 0.00 1279.00 1079.00 4.25 3.94 10.27 3.56 0.38 5.61 1.62
Car 0.00 0 1.56 692.93 545.92 715.21 571.40 1.99 1.77 4.44 5.37 1.51 53.42 1.56
Car 0.00 0 1.56 674.75 558.97 721.81 594.57 1.49 2.16 4.79 2.95 1.76 31.92 1.56