Car 0.00 0 1.56 676.00 557.99 718.20 589.63 1.49 2.16 4.79 3.19 1.80 35.32 1.56
Car 0.00 0 1.58 607.38 584.99 748.01 705.23 1.49 2.16 4.79 0.78 1.78 12.24 1.58
Car 0.00 0 1.56 670.55 570.29 713.67 614.04 1.38 1.48 2.21 1.91 1.85 23.16 1.56
Cyclist 0.00 0 -0.03 891.93 551.34 913.93 571.27 1.61 0.87 1.51 21.72 1.75 52.88 -0.03
Motorcycle 0.00 0 1.56 777.43 564.69 808.63 616.79 1.65 0.77 2.35 5.34 1.73 22.48 1.56
Car 0.00 0 -0.17 805.30 552.13 830.70 570.74 1.52 0.80 2.04 14.96 1.79 53.83 -0.17
Cyclist 0.00 0 1.40 750.69 553.92 766.94 580.28 1.61 0.87 1.51 7.70 1.74 41.46 1.40
Car 0.00 0 -1.58 562.62 554.50 604.76 583.67 1.62 1.85 3.99 -3.41 1.75 39.45 -1.58
Car 0.00 0 0.02 972.07 552.41 1048.65 572.52 1.54 2.04 4.97 29.91 1.80 51.81 0.02
Car 0.00 0 1.56 741.80 556.37 793.38 594.08 1.65 2.15 5.03 6.44 1.73 32.85 1.56
Car 0.00 0 1.59 742.54 208.77 1279.00 1010.75 4.25 3.94 10.27 3.81 0.39 8.67 1.59
Car 0.00 0 1.38 688.13 553.84 729.03 576.65 1.49 2.16 4.79 5.13 1.82 47.26 1.38