Car 0.00 0 0.01 924.03 558.35 1045.35 591.22 1.49 2.16 4.79 16.82 1.68 31.41 0.01
Car 0.00 0 1.55 573.50 581.28 706.84 693.00 1.49 2.16 4.79 0.02 1.73 12.78 1.55
Car 0.00 0 1.56 622.50 563.92 659.02 600.32 1.38 1.48 2.21 0.03 1.75 27.06 1.56
Cyclist 0.00 0 -0.03 995.41 558.16 1041.56 596.16 1.61 0.87 1.51 16.58 1.62 28.07 -0.03
Motorcycle 0.00 0 1.56 856.45 599.62 1001.08 773.13 1.65 0.77 2.35 3.51 1.69 8.07 1.56
Car 0.00 0 -0.17 835.61 559.81 887.15 595.80 1.52 0.80 2.04 9.77 1.66 28.30 -0.17
Cyclist 0.00 0 0.92 816.62 562.19 855.35 611.01 1.61 0.87 1.51 7.01 1.63 22.84 0.92
Car 0.00 0 3.13 1000.25 556.15 1088.62 580.15 1.39 1.99 4.18 24.85 1.72 39.43 3.13
Car 0.00 0 0.02 1136.36 559.74 1279.00 598.28 1.54 2.04 4.97 24.86 1.67 27.87 0.02
Car 0.00 0 1.45 748.51 568.57 868.54 661.10 1.65 2.15 5.03 3.90 1.65 15.75 1.45
Car 0.00 0 3.14 1105.99 522.21 1274.52 580.46 3.46 2.89 7.94 33.78 0.67 39.51 3.14
Car 0.00 0 -0.00 1164.58 558.34 1279.00 591.17 1.49 2.16 4.79 29.07 1.68 31.47 -0.00