Car 0.00 0 -1.00 551.85 560.92 637.41 602.32 -1.00 -1.00 -1.00 -1.00 -1.00 -1.00 -1.00
Car 0.00 0 -1.00 576.78 581.47 703.66 686.94 -1.00 -1.00 -1.00 -1.00 -1.00 -1.00 -1.00
Car 0.00 0 -1.00 1071.37 558.85 1127.67 583.95 -1.00 -1.00 -1.00 -1.00 -1.00 -1.00 -1.00
Car 0.00 0 -1.00 935.85 553.14 1032.90 580.47 -1.00 -1.00 -1.00 -1.00 -1.00 -1.00 -1.00
Truck 0.00 0 -1.00 27.07 546.15 166.70 581.96 -1.00 -1.00 -1.00 -1.00 -1.00 -1.00 -1.00
Car 0.00 0 -1.00 100.16 548.43 216.29 589.21 -1.00 -1.00 -1.00 -1.00 -1.00 -1.00 -1.00
Car 0.00 0 -1.00 744.96 563.55 821.39 602.01 -1.00 -1.00 -1.00 -1.00 -1.00 -1.00 -1.00
Car 0.00 0 -1.00 955.94 555.70 1035.55 583.56 -1.00 -1.00 -1.00 -1.00 -1.00 -1.00 -1.00
Car 0.00 0 -1.00 798.30 503.02 1010.63 592.71 -1.00 -1.00 -1.00 -1.00 -1.00 -1.00 -1.00
Car 0.00 0 -1.00 248.64 556.44 328.30 583.69 -1.00 -1.00 -1.00 -1.00 -1.00 -1.00 -1.00
Car 0.00 0 -1.00 1066.46 524.31 1227.19 580.67 -1.00 -1.00 -1.00 -1.00 -1.00 -1.00 -1.00