Car 0.00 0 -1.00 689.87 566.39 758.88 619.51 -1.00 -1.00 -1.00 -1.00 -1.00 -1.00 -1.00
Car 0.00 0 -1.00 659.28 593.30 742.95 684.16 -1.00 -1.00 -1.00 -1.00 -1.00 -1.00 -1.00
Truck 0.00 0 -1.00 0.00 589.02 383.58 1079.00 -1.00 -1.00 -1.00 -1.00 -1.00 -1.00 -1.00
Motorcycle 0.00 0 -1.00 846.29 579.73 906.66 674.35 -1.00 -1.00 -1.00 -1.00 -1.00 -1.00 -1.00
Car 0.00 0 -1.00 145.38 543.68 466.38 709.95 -1.00 -1.00 -1.00 -1.00 -1.00 -1.00 -1.00
Car 0.00 0 -1.00 742.32 550.73 763.12 569.03 -1.00 -1.00 -1.00 -1.00 -1.00 -1.00 -1.00
Car 0.00 0 -1.00 761.78 552.20 781.18 570.67 -1.00 -1.00 -1.00 -1.00 -1.00 -1.00 -1.00
Cyclist 0.00 0 -1.00 803.56 559.60 825.43 596.90 -1.00 -1.00 -1.00 -1.00 -1.00 -1.00 -1.00
Car 0.00 0 -1.00 585.25 557.11 642.84 588.76 -1.00 -1.00 -1.00 -1.00 -1.00 -1.00 -1.00
Car 0.00 0 -1.00 785.93 556.77 828.27 588.53 -1.00 -1.00 -1.00 -1.00 -1.00 -1.00 -1.00
Car 0.00 0 -1.00 556.29 570.54 648.37 629.92 -1.00 -1.00 -1.00 -1.00 -1.00 -1.00 -1.00
Car 0.00 0 -1.00 794.70 563.74 876.71 626.15 -1.00 -1.00 -1.00 -1.00 -1.00 -1.00 -1.00
Car 0.00 0 -1.00 765.60 80.89 1279.00 1079.00 -1.00 -1.00 -1.00 -1.00 -1.00 -1.00 -1.00
Car 0.00 0 -1.00 734.49 547.56 761.30 577.22 -1.00 -1.00 -1.00 -1.00 -1.00 -1.00 -1.00
Car 0.00 0 -1.00 718.96 557.99 762.25 589.57 -1.00 -1.00 -1.00 -1.00 -1.00 -1.00 -1.00