Car 0.00 0 -1.00 659.77 565.32 726.18 617.18 -1.00 -1.00 -1.00 -1.00 -1.00 -1.00 -1.00
Car 0.00 0 -1.00 569.38 595.80 772.04 778.15 -1.00 -1.00 -1.00 -1.00 -1.00 -1.00 -1.00
Car 0.00 0 -1.00 656.84 581.50 719.68 647.00 -1.00 -1.00 -1.00 -1.00 -1.00 -1.00 -1.00
Car 0.00 0 -1.00 457.26 570.61 602.03 664.42 -1.00 -1.00 -1.00 -1.00 -1.00 -1.00 -1.00
Cyclist 0.00 0 -1.00 892.93 550.18 915.52 570.52 -1.00 -1.00 -1.00 -1.00 -1.00 -1.00 -1.00
Motorcycle 0.00 0 -1.00 801.88 571.61 848.40 644.31 -1.00 -1.00 -1.00 -1.00 -1.00 -1.00 -1.00
Car 0.00 0 -1.00 582.34 554.23 620.31 578.22 -1.00 -1.00 -1.00 -1.00 -1.00 -1.00 -1.00
Cyclist 0.00 0 -1.00 759.67 557.25 779.88 591.20 -1.00 -1.00 -1.00 -1.00 -1.00 -1.00 -1.00
Car 0.00 0 -1.00 0.00 618.90 62.65 833.32 -1.00 -1.00 -1.00 -1.00 -1.00 -1.00 -1.00
Car 0.00 0 -1.00 753.76 560.14 825.70 612.13 -1.00 -1.00 -1.00 -1.00 -1.00 -1.00 -1.00
Car 0.00 0 -1.00 750.58 0.00 1279.00 1079.00 -1.00 -1.00 -1.00 -1.00 -1.00 -1.00 -1.00
Car 0.00 0 -1.00 694.72 545.40 714.93 568.50 -1.00 -1.00 -1.00 -1.00 -1.00 -1.00 -1.00
Car 0.00 0 -1.00 674.75 558.97 721.81 594.57 -1.00 -1.00 -1.00 -1.00 -1.00 -1.00 -1.00