Car 0.00 0 1.56 548.08 593.62 735.21 757.28 1.49 2.16 4.79 0.04 1.77 9.79 1.56
Car 0.00 0 3.13 956.30 553.86 993.26 571.71 1.38 1.48 2.21 27.03 1.83 51.71 3.13
Car 0.00 0 3.13 863.99 549.96 932.24 569.87 1.65 2.15 5.03 22.23 1.70 55.26 3.13
Truck 0.00 0 1.57 618.22 547.03 669.30 593.79 2.10 2.39 6.27 0.16 1.46 33.16 1.57
Car 0.00 0 -1.58 0.00 0.00 195.77 1079.00 3.46 2.89 7.94 -7.00 0.77 4.02 -1.58
Cyclist 0.00 0 -0.01 1017.44 551.74 1044.53 573.58 1.61 0.87 1.51 29.43 1.70 48.19 -0.01
Car 0.00 0 0.05 271.86 546.10 345.41 574.04 2.04 2.07 4.48 -24.98 1.49 48.37 0.05
Car 0.00 0 1.56 716.28 572.71 803.75 630.22 1.39 1.99 4.18 3.60 1.82 19.97 1.56
Car 0.00 0 -3.09 873.62 551.61 928.23 571.41 1.55 1.79 3.71 21.20 1.74 52.09 -3.09
Car 0.00 0 1.54 670.48 500.40 766.33 598.88 4.25 3.94 10.27 3.64 0.39 32.84 1.54
Car 0.00 0 1.56 608.05 570.92 678.12 634.82 1.50 1.85 3.63 0.09 1.74 18.67 1.56