Car 0.00 0 1.56 524.10 600.89 757.83 811.35 1.49 2.16 4.79 0.03 1.76 8.32 1.56
Car 0.00 0 3.13 963.24 553.81 1000.35 571.56 1.38 1.48 2.21 27.60 1.82 51.72 3.13
Car 0.00 0 3.13 863.86 549.86 932.09 569.76 1.65 2.15 5.03 22.22 1.69 55.27 3.13
Truck 0.00 0 1.56 609.92 548.86 676.56 609.90 2.10 2.39 6.27 0.14 1.46 26.09 1.56
Car 0.00 0 -1.58 178.91 487.41 462.28 677.71 3.46 2.89 7.94 -6.92 0.77 15.63 -1.58
Cyclist 0.00 0 -0.01 916.12 551.62 941.28 573.41 1.61 0.87 1.51 21.77 1.69 48.28 -0.01
Car 0.00 0 0.10 233.36 546.03 308.99 574.05 2.04 2.07 4.48 -27.72 1.48 48.22 0.10
Car 0.00 0 1.56 728.73 578.45 839.89 650.39 1.39 1.99 4.18 3.58 1.82 16.67 1.56
Car 0.00 0 -3.09 873.51 551.50 928.09 571.30 1.55 1.79 3.71 21.20 1.73 52.10 -3.09
Car 0.00 0 1.56 672.07 487.48 804.80 615.92 4.25 3.94 10.27 3.52 0.38 26.34 1.56
Car 0.00 0 1.56 603.30 574.10 682.42 646.81 1.50 1.85 3.63 0.08 1.74 16.74 1.56