Car 0.00 0 1.60 707.27 566.71 785.90 621.24 1.49 2.16 4.79 3.87 1.79 22.53 1.60
Car 0.00 0 1.73 652.94 598.27 746.40 701.04 1.38 1.48 2.21 1.11 1.83 11.26 1.73
Truck 0.00 0 -1.57 601.94 549.97 707.68 615.77 2.10 2.39 6.27 0.79 1.48 24.70 -1.57
Motorcycle 0.00 0 1.59 842.06 566.08 868.83 622.14 1.65 0.77 2.35 7.08 1.73 21.11 1.59
Car 0.00 0 -1.58 601.29 541.98 680.86 592.89 2.43 2.35 6.37 0.22 1.33 34.14 -1.58
Car 0.00 0 1.53 805.20 552.07 817.71 570.68 1.53 0.87 2.19 14.95 1.84 55.76 1.53
Truck 0.00 0 1.89 1057.69 615.49 1279.00 1079.00 2.10 2.39 6.27 3.47 1.46 0.33 1.89
Cyclist 0.00 0 1.56 844.07 555.84 860.36 585.45 1.61 0.87 1.51 12.13 1.73 36.59 1.56
Car 0.00 0 -1.60 713.16 551.25 747.76 569.89 1.51 2.13 4.90 8.20 1.81 57.62 -1.60
Car 0.00 0 1.56 835.81 554.22 869.37 580.22 1.54 2.04 4.97 14.38 1.79 43.33 1.56
Car 0.00 0 -1.58 717.51 555.80 757.92 581.39 1.48 1.97 3.81 6.39 1.81 41.52 -1.58
Car 0.00 0 1.56 825.14 558.19 879.49 601.88 1.65 2.15 5.03 9.63 1.73 29.08 1.56
Car 0.00 0 1.73 763.22 329.43 1279.00 843.96 4.25 3.94 10.27 4.26 0.39 10.67 1.73
Car 0.00 0 1.56 785.63 547.53 815.82 577.42 1.99 1.77 4.44 11.62 1.56 46.11 1.56
Car 0.00 0 1.56 757.61 558.21 807.50 590.89 1.49 2.16 4.79 7.79 1.80 34.64 1.56