Car 0.00 0 1.72 662.49 574.08 765.71 654.22 1.49 2.16 4.79 2.09 1.76 16.62 1.72
Car 0.00 0 1.82 609.47 619.82 751.02 783.44 1.38 1.48 2.21 0.54 1.82 7.81 1.82
Truck 0.00 0 -1.58 742.91 545.23 792.37 577.29 2.10 2.39 6.27 9.34 1.46 46.33 -1.58
Motorcycle 0.00 0 1.59 844.51 561.43 866.91 607.48 1.65 0.77 2.35 8.52 1.71 25.21 1.59
Car 0.00 0 -1.58 720.40 540.83 764.64 571.48 2.43 2.35 6.37 8.79 1.29 54.35 -1.58
Car 0.00 0 1.56 818.01 552.93 832.69 574.00 1.53 0.87 2.19 14.24 1.78 49.13 1.56
Cyclist 0.00 0 1.56 861.84 553.73 877.36 580.46 1.61 0.87 1.51 14.49 1.69 40.36 1.56
Car 0.00 0 1.56 857.04 552.51 888.88 576.26 1.54 2.04 4.97 17.14 1.74 46.96 1.56
Car 0.00 0 -1.46 407.88 576.03 545.78 637.95 1.30 1.89 4.72 -4.60 1.86 18.90 -1.46
Car 0.00 0 1.56 837.87 555.54 886.67 593.22 1.65 2.15 5.03 11.54 1.69 33.02 1.56
Car 0.00 0 1.73 767.58 422.38 1037.98 708.22 4.25 3.94 10.27 5.07 0.38 14.96 1.73
Car 0.00 0 1.56 781.49 548.29 822.79 585.91 1.99 1.77 4.44 9.52 1.51 37.37 1.56
Car 0.00 0 1.60 727.39 562.66 799.01 608.37 1.49 2.16 4.79 5.14 1.76 26.13 1.60