Car 0.00 0 1.56 681.25 566.96 751.31 621.93 1.49 2.16 4.79 2.74 1.78 22.25 1.56
Car 0.00 0 1.58 656.79 596.19 745.13 691.12 1.38 1.48 2.21 1.18 1.83 11.87 1.58
Motorcycle 0.00 0 1.59 875.21 590.41 970.84 721.58 1.65 0.77 2.35 4.40 1.72 10.16 1.59
Car 0.00 0 -1.52 0.00 545.83 257.27 1079.00 2.43 2.35 6.37 -6.75 1.30 5.74 -1.52
Car 0.00 0 1.56 724.64 550.77 745.56 569.68 1.55 1.79 3.71 8.55 1.78 57.34 1.56
Car 0.00 0 1.16 744.82 552.64 764.93 572.12 1.53 0.87 2.19 9.50 1.83 52.85 1.16
Car 0.00 0 0.49 845.02 552.23 907.39 571.24 1.49 1.84 4.89 19.92 1.81 53.99 0.49
Cyclist 0.00 0 1.56 796.94 561.54 822.38 603.39 1.61 0.87 1.51 6.94 1.72 26.25 1.56
Car 0.00 0 -1.58 528.60 560.78 603.96 600.80 1.51 2.13 4.90 -3.22 1.78 29.14 -1.58
Car 0.00 0 1.56 773.71 557.86 821.67 592.93 1.54 2.04 4.97 8.11 1.77 33.31 1.56
Car 0.00 0 -1.57 439.85 583.90 594.76 684.60 1.48 1.97 3.81 -2.31 1.78 13.16 -1.57
Car 0.00 0 1.56 791.78 566.93 896.25 642.74 1.65 2.15 5.03 5.66 1.71 18.44 1.56
Car 0.00 0 1.56 718.49 547.54 745.25 578.00 1.99 1.77 4.44 6.53 1.55 45.22 1.56
Car 0.00 0 1.56 704.77 558.43 748.80 591.45 1.49 2.16 4.79 4.69 1.80 34.08 1.56