Car 0.00 0 1.56 620.89 571.40 706.93 640.24 1.49 2.16 4.79 0.72 1.77 18.49 1.56
Car 0.00 0 1.57 614.35 600.02 709.77 702.26 1.38 1.48 2.21 0.39 1.83 11.04 1.57
Motorcycle 0.00 0 1.59 1121.76 674.24 1279.00 1079.00 1.65 0.77 2.35 3.54 1.71 3.04 1.59
Car 0.00 0 0.02 906.06 527.39 1028.92 573.90 3.46 2.89 7.94 25.01 0.79 49.17 0.02
Car 0.00 0 1.16 682.00 554.00 704.39 576.56 1.53 0.87 2.19 3.84 1.80 46.04 1.16
Car 0.00 0 0.40 805.74 553.09 874.53 574.31 1.49 1.84 4.89 15.23 1.77 48.69 0.40
Cyclist 0.00 0 1.57 762.97 568.33 800.89 626.14 1.61 0.87 1.51 4.27 1.70 19.37 1.57
Car 0.00 0 -0.55 684.96 551.10 754.03 572.22 1.57 1.80 5.37 6.45 1.73 52.29 -0.55
Car 0.00 0 0.00 1071.72 552.15 1103.76 573.45 1.59 0.87 1.82 34.07 1.73 48.72 0.00
Car 0.00 0 -1.58 0.00 600.65 291.89 830.93 1.51 2.13 4.90 -6.85 1.75 8.02 -1.58
Car 0.00 0 1.56 722.74 561.63 787.96 607.32 1.54 2.04 4.97 4.64 1.75 26.46 1.56
Car 0.00 0 1.56 773.54 579.98 988.48 722.46 1.65 2.15 5.03 3.87 1.70 11.41 1.56
Car 0.00 0 1.56 653.86 548.21 684.61 583.63 1.99 1.77 4.44 1.80 1.52 39.19 1.56
Car 0.00 0 1.56 639.01 562.30 695.05 605.26 1.49 2.16 4.79 1.17 1.77 27.12 1.56
Car 0.00 0 -2.57 693.07 550.83 737.56 568.45 1.50 1.85 3.63 6.85 1.76 58.13 -2.57