Car 0.00 0 1.56 590.85 579.11 708.39 676.27 1.49 2.16 4.79 0.23 1.76 14.18 1.56
Car 0.00 0 1.57 570.83 628.04 729.94 810.16 1.38 1.48 2.21 0.11 1.82 7.07 1.57
Car 0.00 0 0.02 908.21 525.86 1040.93 576.15 3.46 2.89 7.94 23.65 0.76 45.52 0.02
Car 0.00 0 1.16 666.95 554.89 691.40 579.88 1.53 0.87 2.19 2.57 1.77 41.79 1.16
Car 0.00 0 0.40 801.30 553.67 875.45 576.99 1.49 1.84 4.89 13.88 1.74 44.77 0.40
Cyclist 0.00 0 1.57 774.02 575.33 825.91 650.77 1.61 0.87 1.51 3.76 1.68 15.15 1.57
Cyclist 0.00 0 0.01 1155.00 552.13 1186.53 575.38 1.61 0.87 1.51 37.55 1.67 45.29 0.01
Car 0.00 0 -0.55 669.67 551.54 744.67 574.62 1.57 1.80 5.37 5.01 1.70 48.12 -0.55
Car 0.00 0 0.00 1084.85 552.53 1119.41 575.47 1.59 0.87 1.82 32.72 1.69 45.33 0.00
Car 0.00 0 1.56 716.55 564.83 798.41 621.08 1.54 2.04 4.97 3.92 1.73 22.25 1.56
Car 0.00 0 1.56 808.01 596.93 1272.98 886.61 1.65 2.15 5.03 3.57 1.69 7.18 1.56
Car 0.00 0 1.56 635.89 548.68 670.66 588.85 1.99 1.77 4.44 0.73 1.50 34.89 1.56
Car 0.00 0 1.56 617.95 565.61 685.71 618.39 1.49 2.16 4.79 0.43 1.76 22.83 1.56
Car 0.00 0 -2.35 647.03 551.68 694.60 571.88 1.50 1.85 3.63 2.50 1.72 51.45 -2.35