Car 0.00 0 1.56 590.90 578.42 708.41 675.53 1.49 2.16 4.79 0.23 1.74 14.18 1.56
Car 0.00 0 1.57 570.92 627.32 729.91 809.24 1.38 1.48 2.21 0.11 1.81 7.07 1.57
Car 0.00 0 0.02 908.23 525.16 1040.96 575.45 3.46 2.89 7.94 23.65 0.71 45.53 0.02
Car 0.00 0 1.16 666.99 554.20 691.43 579.18 1.53 0.87 2.19 2.58 1.72 41.80 1.16
Car 0.00 0 0.40 801.32 552.97 875.47 576.29 1.49 1.84 4.89 13.88 1.69 44.78 0.40
Cyclist 0.00 0 1.57 774.01 574.64 825.90 650.04 1.61 0.87 1.51 3.76 1.67 15.16 1.57
Cyclist 0.00 0 0.01 1154.98 551.42 1186.53 574.67 1.61 0.87 1.51 37.55 1.62 45.29 0.01
Car 0.00 0 -0.55 669.71 550.85 744.70 573.92 1.57 1.80 5.37 5.01 1.64 48.12 -0.55
Car 0.00 0 0.00 1084.87 551.83 1119.41 574.76 1.59 0.87 1.82 32.72 1.64 45.33 0.00
Car 0.00 0 1.56 716.58 564.14 798.42 620.36 1.54 2.04 4.97 3.93 1.71 22.25 1.56
Car 0.00 0 1.56 807.95 596.23 1272.49 885.53 1.65 2.15 5.03 3.57 1.68 7.19 1.56
Car 0.00 0 1.56 635.93 547.98 670.69 588.15 1.99 1.77 4.44 0.73 1.46 34.90 1.56
Car 0.00 0 1.56 617.99 564.92 685.74 617.68 1.49 2.16 4.79 0.44 1.73 22.84 1.56
Car 0.00 0 -2.42 657.58 550.77 705.19 570.57 1.50 1.85 3.63 3.41 1.66 52.39 -2.42