Car 0.00 0 1.56 649.43 567.77 721.28 624.15 1.49 2.16 4.79 1.58 1.79 21.70 1.56
Car 0.00 0 1.58 633.00 597.79 724.36 696.38 1.38 1.48 2.21 0.71 1.83 11.50 1.58
Motorcycle 0.00 0 1.59 939.79 617.50 1162.80 865.62 1.65 0.77 2.35 3.76 1.71 6.18 1.59
Car 0.00 0 0.02 920.44 528.39 1039.29 572.99 3.46 2.89 7.94 27.13 0.84 51.38 0.02
Car 0.00 0 1.56 685.05 550.62 705.19 569.05 1.55 1.79 3.71 5.09 1.80 58.91 1.56
Car 0.00 0 1.16 705.38 553.66 726.57 574.72 1.53 0.87 2.19 5.84 1.84 49.12 1.16
Car 0.00 0 0.40 823.15 553.09 889.41 572.76 1.49 1.84 4.89 17.33 1.82 51.31 0.40
Cyclist 0.00 0 1.57 772.18 565.07 803.67 614.45 1.61 0.87 1.51 5.17 1.72 22.47 1.57
Car 0.00 0 -0.55 708.64 551.03 774.23 570.97 1.57 1.80 5.37 8.71 1.78 55.26 -0.55
Car 0.00 0 -1.58 346.38 572.08 496.54 645.24 1.51 2.13 4.90 -5.82 1.77 17.85 -1.58
Car 0.00 0 1.56 740.62 560.07 797.10 600.27 1.54 2.04 4.97 5.83 1.77 29.53 1.56
Car 0.00 0 -1.52 0.00 716.53 209.10 1079.00 1.48 1.97 3.81 -3.52 1.77 1.81 -1.52
Car 0.00 0 1.56 774.26 573.16 923.38 675.90 1.65 2.15 5.03 4.44 1.71 14.53 1.56
Car 0.00 0 1.56 678.72 548.12 707.10 580.76 1.99 1.77 4.44 3.53 1.56 42.37 1.56
Car 0.00 0 1.56 664.82 560.63 714.54 598.40 1.49 2.16 4.79 2.39 1.80 30.31 1.56