Car 0.00 0 1.56 590.85 579.36 708.39 676.52 1.49 2.16 4.79 0.23 1.76 14.18 1.56
Car 0.00 0 1.57 570.84 628.27 729.93 810.41 1.38 1.48 2.21 0.11 1.82 7.07 1.57
Car 0.00 0 -3.11 785.81 549.55 849.03 568.83 1.65 2.15 5.03 15.76 1.69 57.04 -3.11
Car 0.00 0 -0.00 1064.03 525.90 1208.58 576.66 3.46 2.89 7.94 34.99 0.78 45.35 -0.00
Car 0.00 0 1.16 666.95 555.14 691.40 580.13 1.53 0.87 2.19 2.57 1.78 41.79 1.16
Car 0.00 0 0.03 915.48 553.61 997.29 576.30 1.49 1.84 4.89 22.40 1.76 45.42 0.03
Cyclist 0.00 0 1.56 734.10 562.69 764.40 612.10 1.61 0.87 1.51 3.94 1.69 23.18 1.56
Car 0.00 0 -0.27 737.68 552.37 815.18 575.81 1.57 1.80 5.37 9.88 1.71 46.32 -0.27
Car 0.00 0 1.36 705.26 555.61 750.08 589.43 1.54 2.04 4.97 4.98 1.75 35.78 1.36
Car 0.00 0 -2.79 699.97 550.03 720.24 569.21 1.62 0.58 1.66 6.11 1.70 55.82 -2.79
Car 0.00 0 1.56 744.93 573.76 905.83 681.14 1.65 2.15 5.03 3.72 1.69 13.95 1.56
Car 0.00 0 1.56 635.89 548.92 670.66 589.10 1.99 1.77 4.44 0.73 1.51 34.90 1.56
Car 0.00 0 1.56 617.97 565.84 685.69 618.59 1.49 2.16 4.79 0.43 1.76 22.84 1.56
Car 0.00 0 -1.58 482.49 570.82 571.22 635.26 1.50 1.85 3.63 -3.16 1.74 18.59 -1.58