Car 0.00 0 1.56 590.85 579.36 708.39 676.52 1.49 2.16 4.79 0.23 1.76 14.18 1.56
Car 0.00 0 1.57 570.84 628.27 729.93 810.41 1.38 1.48 2.21 0.11 1.82 7.07 1.57
Car 0.00 0 -2.69 681.35 549.79 744.87 570.45 1.65 2.15 5.03 6.28 1.69 54.90 -2.69
Motorcycle 0.00 0 1.57 870.71 602.97 1023.48 785.10 1.65 0.77 2.35 3.60 1.71 7.79 1.57
Car 0.00 0 0.64 720.96 553.41 751.12 575.49 1.53 0.87 2.19 7.07 1.78 47.09 0.64
Car 0.00 0 0.01 997.12 553.71 1082.54 576.34 1.49 1.84 4.89 28.30 1.76 45.40 0.01
Cyclist 0.00 0 1.56 734.01 563.58 763.92 611.10 1.61 0.87 1.51 3.94 1.69 23.24 1.56
Car 0.00 0 -0.03 837.82 552.64 922.50 575.87 1.57 1.80 5.37 17.08 1.71 45.71 -0.03
Car 0.00 0 0.99 729.02 554.11 790.83 582.51 1.54 2.04 4.97 7.70 1.74 40.73 0.99
Car 0.00 0 -2.24 608.59 551.09 628.37 572.67 1.62 0.58 1.66 -1.68 1.70 50.24 -2.24
Car 0.00 0 1.56 734.34 569.71 864.97 658.28 1.65 2.15 5.03 3.77 1.69 16.17 1.56
Car 0.00 0 1.56 636.62 548.56 670.10 587.38 1.99 1.77 4.44 0.76 1.51 36.16 1.56
Car 0.00 0 1.56 617.97 565.85 685.69 618.60 1.49 2.16 4.79 0.43 1.76 22.85 1.56
Car 0.00 0 -1.58 220.56 600.73 487.40 779.93 1.50 1.85 3.63 -3.42 1.74 8.49 -1.58