Car 0.00 0 1.56 590.85 579.36 708.39 676.52 1.49 2.16 4.79 0.23 1.76 14.18 1.56
Car 0.00 0 1.57 570.84 628.27 729.93 810.41 1.38 1.48 2.21 0.11 1.82 7.07 1.57
Car 0.00 0 -3.01 739.99 549.57 802.84 569.15 1.65 2.15 5.03 11.60 1.69 56.67 -3.01
Motorcycle 0.00 0 1.57 981.58 635.44 1279.00 990.67 1.65 0.77 2.35 3.54 1.71 4.77 1.57
Car 0.00 0 -0.00 1124.13 525.98 1272.99 576.71 3.46 2.89 7.94 39.34 0.77 45.27 -0.00
Car 0.00 0 1.05 677.72 554.65 703.83 578.69 1.53 0.87 2.19 3.45 1.78 43.28 1.05
Car 0.00 0 0.02 951.84 553.68 1035.25 576.36 1.49 1.84 4.89 25.04 1.76 45.43 0.02
Cyclist 0.00 0 1.56 734.02 563.58 763.93 611.11 1.61 0.87 1.51 3.94 1.69 23.24 1.56
Car 0.00 0 -0.08 791.04 552.62 872.81 575.82 1.57 1.80 5.37 13.68 1.71 45.86 -0.08
Car 0.00 0 1.17 714.02 554.81 768.75 585.25 1.54 2.04 4.97 6.18 1.74 38.53 1.17
Car 0.00 0 -2.54 652.95 550.38 673.19 570.52 1.62 0.58 1.66 1.94 1.70 53.65 -2.54
Car 0.00 0 1.56 734.33 569.81 864.98 658.10 1.65 2.15 5.03 3.77 1.69 16.17 1.56
Car 0.00 0 1.56 635.89 548.92 670.66 589.10 1.99 1.77 4.44 0.73 1.51 34.90 1.56
Car 0.00 0 1.56 617.97 565.85 685.69 618.60 1.49 2.16 4.79 0.43 1.76 22.84 1.56
Car 0.00 0 -1.58 418.73 579.83 546.86 670.10 1.50 1.85 3.63 -3.28 1.74 14.08 -1.58