Car 0.00 0 1.56 590.85 579.36 708.39 676.52 1.49 2.16 4.79 0.23 1.76 14.18 1.56
Car 0.00 0 1.57 570.84 628.27 729.93 810.41 1.38 1.48 2.21 0.11 1.82 7.07 1.57
Car 0.00 0 -1.58 456.69 567.50 574.54 646.96 1.65 2.15 5.03 -3.20 1.69 17.62 -1.58
Cyclist 0.00 0 -0.06 808.08 552.22 832.00 574.93 1.61 0.87 1.51 12.95 1.69 46.08 -0.06
Motorcycle 0.00 0 1.57 868.61 602.58 1018.87 781.84 1.65 0.77 2.35 3.60 1.71 7.87 1.57
Car 0.00 0 -2.09 560.72 553.34 613.89 575.57 1.47 1.82 4.19 -3.84 1.77 47.27 -2.09
Cyclist 0.00 0 1.56 733.99 563.57 763.88 611.08 1.61 0.87 1.51 3.94 1.69 23.25 1.56
Car 0.00 0 -0.00 1097.59 552.82 1194.00 576.07 1.57 1.80 5.37 35.76 1.71 45.33 -0.00
Car 0.00 0 0.02 961.44 553.32 1047.80 576.19 1.54 2.04 4.97 25.81 1.74 45.42 0.02
Car 0.00 0 -1.58 166.41 590.09 270.46 706.19 1.62 0.58 1.66 -6.87 1.70 10.53 -1.58
Car 0.00 0 1.56 734.34 569.71 864.97 658.28 1.65 2.15 5.03 3.77 1.69 16.17 1.56
Car 0.00 0 1.56 640.36 547.05 667.21 577.97 1.99 1.77 4.44 0.97 1.51 44.54 1.56
Car 0.00 0 1.56 617.98 565.84 685.68 618.57 1.49 2.16 4.79 0.43 1.76 22.85 1.56