Car 0.00 0 1.56 603.29 573.56 697.93 649.90 1.49 2.16 4.79 0.30 1.76 17.03 1.56
Car 0.00 0 1.57 573.99 625.04 726.56 799.55 1.38 1.48 2.21 0.11 1.82 7.32 1.57
Cyclist 0.00 0 -0.03 872.61 552.23 898.11 575.24 1.61 0.87 1.51 17.55 1.69 45.81 -0.03
Motorcycle 0.00 0 1.57 866.05 602.01 1013.19 777.91 1.65 0.77 2.35 3.60 1.71 7.98 1.57
Car 0.00 0 -0.17 774.22 553.27 803.81 574.97 1.52 0.80 2.04 10.74 1.73 46.20 -0.17
Cyclist 0.00 0 1.56 725.77 561.34 751.84 602.94 1.61 0.87 1.51 4.01 1.69 26.08 1.56
Car 0.00 0 -0.00 1097.81 552.82 1194.23 576.07 1.57 1.80 5.37 35.77 1.71 45.33 -0.00
Car 0.00 0 -1.58 526.10 553.02 564.90 580.46 1.62 1.85 3.99 -6.10 1.70 41.74 -1.58
Car 0.00 0 0.02 961.44 553.32 1047.80 576.19 1.54 2.04 4.97 25.81 1.74 45.42 0.02
Car 0.00 0 1.56 727.15 566.99 840.01 644.23 1.65 2.15 5.03 3.82 1.69 18.01 1.56
Car 0.00 0 1.56 625.49 561.45 679.66 602.91 1.49 2.16 4.79 0.56 1.76 27.96 1.56