Car 0.00 0 1.56 611.13 565.68 678.73 618.24 1.49 2.16 4.79 0.18 1.76 22.88 1.56
Car 0.00 0 1.56 596.36 599.88 692.64 703.30 1.38 1.48 2.21 0.08 1.82 10.95 1.56
Cyclist 0.00 0 -0.03 893.31 553.72 922.84 579.88 1.61 0.87 1.51 16.91 1.68 40.39 -0.03
Motorcycle 0.00 0 1.56 818.07 589.26 916.68 717.56 1.65 0.77 2.35 3.56 1.70 10.29 1.56
Car 0.00 0 -0.17 781.99 554.91 816.05 579.63 1.52 0.80 2.04 10.09 1.72 40.67 -0.17
Car 0.00 0 0.00 1174.08 554.62 1217.16 577.57 1.53 0.87 2.19 37.91 1.77 43.68 0.00
Cyclist 0.00 0 1.34 724.08 558.60 746.37 596.19 1.61 0.87 1.51 4.36 1.68 29.25 1.34
Car 0.00 0 -0.00 1145.52 554.31 1256.26 580.65 1.57 1.80 5.37 35.13 1.71 40.17 -0.00
Car 0.00 0 -1.58 392.38 563.53 483.52 619.87 1.62 1.85 3.99 -6.83 1.70 22.08 -1.58
Car 0.00 0 3.13 923.25 553.56 987.21 571.62 1.39 1.99 4.18 25.40 1.81 51.67 3.13
Car 0.00 0 0.02 993.02 554.92 1092.41 580.99 1.54 2.04 4.97 25.17 1.73 40.11 0.02
Car 0.00 0 1.56 712.55 564.02 808.06 629.84 1.65 2.15 5.03 3.66 1.69 20.45 1.56
Car 0.00 0 1.25 637.40 557.06 698.83 588.76 1.49 2.16 4.79 1.65 1.76 35.41 1.25