Car 0.00 0 1.56 610.33 565.82 678.23 618.67 1.49 2.16 4.79 0.16 1.76 22.79 1.56
Car 0.00 0 1.56 596.07 599.50 691.89 702.67 1.38 1.48 2.21 0.07 1.82 11.00 1.56
Cyclist 0.00 0 -0.03 898.53 554.11 928.91 580.93 1.61 0.87 1.51 16.85 1.69 39.42 -0.03
Motorcycle 0.00 0 1.56 820.37 590.16 921.86 721.27 1.65 0.77 2.35 3.55 1.71 10.10 1.56
Car 0.00 0 -0.17 784.51 555.33 819.50 580.67 1.52 0.80 2.04 10.03 1.73 39.70 -0.17
Car 0.00 0 0.00 1185.12 554.97 1229.37 578.46 1.53 0.87 2.19 37.87 1.78 42.74 0.00
Cyclist 0.00 0 1.31 727.97 558.71 751.18 596.74 1.61 0.87 1.51 4.53 1.69 29.04 1.31
Car 0.00 0 -0.00 1156.48 554.70 1270.37 581.69 1.57 1.80 5.37 35.07 1.71 39.23 -0.00
Car 0.00 0 -1.58 362.92 565.74 467.73 629.05 1.62 1.85 3.99 -6.87 1.70 20.03 -1.58
Car 0.00 0 3.13 927.56 553.87 992.92 572.27 1.39 1.99 4.18 25.33 1.81 50.72 3.13
Car 0.00 0 0.02 1000.51 555.33 1102.73 582.08 1.54 2.04 4.97 25.11 1.73 39.16 0.02
Car 0.00 0 1.56 712.36 564.25 808.86 630.66 1.65 2.15 5.03 3.63 1.69 20.29 1.56
Car 0.00 0 1.18 642.45 557.10 708.07 588.78 1.49 2.16 4.79 2.04 1.76 35.43 1.18