Car 0.00 0 1.56 616.67 566.14 682.63 617.35 1.49 2.16 4.79 0.36 1.79 23.39 1.56
Car 0.00 0 1.57 600.00 600.62 696.90 705.71 1.38 1.48 2.21 0.14 1.84 10.89 1.57
Cyclist 0.00 0 -0.03 876.91 553.47 903.38 577.24 1.61 0.87 1.51 17.33 1.75 44.36 -0.03
Motorcycle 0.00 0 1.56 810.73 587.10 898.74 704.43 1.65 0.77 2.35 3.63 1.72 11.07 1.56
Car 0.00 0 -0.17 775.39 554.54 806.07 576.97 1.52 0.80 2.04 10.52 1.79 44.72 -0.17
Cyclist 0.00 0 1.50 718.15 559.10 738.56 595.21 1.61 0.87 1.51 4.15 1.73 30.18 1.50
Car 0.00 0 -0.00 1108.58 554.05 1208.38 578.05 1.57 1.80 5.37 35.55 1.77 43.97 -0.00
Car 0.00 0 -1.58 476.66 558.03 533.40 595.90 1.62 1.85 3.99 -6.49 1.74 31.18 -1.58
Car 0.00 0 0.02 968.38 554.58 1057.81 578.21 1.54 2.04 4.97 25.59 1.80 44.01 0.02
Car 0.00 0 1.56 714.42 563.96 803.53 625.68 1.65 2.15 5.03 3.82 1.72 21.52 1.56
Car 0.00 0 1.47 630.70 558.19 677.46 590.00 1.49 2.16 4.79 0.86 1.81 35.14 1.47