Car 0.00 0 -1.00 590.85 579.36 708.39 676.52 -1.00 -1.00 -1.00 -1.00 -1.00 -1.00 -1.00
Car 0.00 0 -1.00 570.84 628.27 729.93 810.41 -1.00 -1.00 -1.00 -1.00 -1.00 -1.00 -1.00
Car 0.00 0 -1.00 993.00 526.05 1132.19 576.48 -1.00 -1.00 -1.00 -1.00 -1.00 -1.00 -1.00
Car 0.00 0 -1.00 666.95 555.14 691.40 580.13 -1.00 -1.00 -1.00 -1.00 -1.00 -1.00 -1.00
Car 0.00 0 -1.00 830.78 553.84 908.30 576.68 -1.00 -1.00 -1.00 -1.00 -1.00 -1.00 -1.00
Cyclist 0.00 0 -1.00 764.96 573.19 811.27 641.38 -1.00 -1.00 -1.00 -1.00 -1.00 -1.00 -1.00
Car 0.00 0 -1.00 669.94 551.77 744.98 574.89 -1.00 -1.00 -1.00 -1.00 -1.00 -1.00 -1.00
Car 0.00 0 -1.00 707.51 561.26 772.61 606.85 -1.00 -1.00 -1.00 -1.00 -1.00 -1.00 -1.00
Car 0.00 0 -1.00 793.80 549.92 814.18 568.39 -1.00 -1.00 -1.00 -1.00 -1.00 -1.00 -1.00
Car 0.00 0 -1.00 806.76 596.62 1263.17 881.56 -1.00 -1.00 -1.00 -1.00 -1.00 -1.00 -1.00
Car 0.00 0 -1.00 635.89 548.92 670.66 589.10 -1.00 -1.00 -1.00 -1.00 -1.00 -1.00 -1.00
Car 0.00 0 -1.00 617.96 565.85 685.70 618.61 -1.00 -1.00 -1.00 -1.00 -1.00 -1.00 -1.00
Car 0.00 0 -1.00 549.84 560.54 601.34 598.59 -1.00 -1.00 -1.00 -1.00 -1.00 -1.00 -1.00