Car 0.00 0 1.75 633.52 580.38 759.68 685.29 1.49 2.16 4.79 1.41 1.76 13.61 1.75
Car 0.00 0 1.86 595.60 629.78 759.84 821.08 1.38 1.48 2.21 0.42 1.82 6.88 1.86
Motorcycle 0.00 0 1.59 844.51 561.43 866.91 607.48 1.65 0.77 2.35 8.52 1.71 25.21 1.59
Car 0.00 0 1.56 804.69 552.54 836.07 576.52 1.55 1.79 3.71 13.04 1.73 46.14 1.56
Car 0.00 0 1.56 795.81 556.47 815.34 583.48 1.53 0.87 2.19 9.99 1.78 38.58 1.56
Cyclist 0.00 0 1.56 861.84 553.73 877.36 580.46 1.61 0.87 1.51 14.49 1.69 40.36 1.56
Car 0.00 0 1.56 857.04 552.51 888.88 576.26 1.54 2.04 4.97 17.14 1.74 46.96 1.56
Car 0.00 0 -1.58 653.62 558.64 707.79 584.17 1.30 1.89 4.72 2.55 1.86 38.87 -1.58
Car 0.00 0 1.56 837.87 555.54 886.67 593.22 1.65 2.15 5.03 11.54 1.69 33.02 1.56
Car 0.00 0 1.79 757.93 334.13 1260.07 821.74 4.25 3.94 10.27 4.20 0.38 10.96 1.79
Car 0.00 0 1.58 756.70 550.00 808.04 596.51 1.99 1.77 4.44 6.91 1.51 30.76 1.58
Car 0.00 0 1.63 702.48 566.29 785.88 621.82 1.49 2.16 4.79 3.75 1.76 22.23 1.63