Car 0.00 0 1.75 633.52 580.38 759.68 685.29 1.49 2.16 4.79 1.41 1.76 13.61 1.75
Car 0.00 0 1.86 595.60 629.78 759.84 821.08 1.38 1.48 2.21 0.42 1.82 6.88 1.86
Truck 0.00 0 -1.58 774.55 544.27 812.15 569.56 2.10 2.39 6.27 13.87 1.46 57.57 -1.58
Motorcycle 0.00 0 1.59 844.51 561.43 866.91 607.48 1.65 0.77 2.35 8.52 1.71 25.21 1.59
Car 0.00 0 1.56 813.52 551.54 841.62 572.79 1.55 1.79 3.71 14.93 1.73 50.84 1.56
Car 0.00 0 1.56 805.16 555.00 822.62 579.44 1.53 0.87 2.19 11.54 1.78 42.43 1.56
Cyclist 0.00 0 1.56 861.84 553.73 877.36 580.46 1.61 0.87 1.51 14.49 1.69 40.36 1.56
Car 0.00 0 1.56 857.04 552.51 888.88 576.26 1.54 2.04 4.97 17.14 1.74 46.96 1.56
Car 0.00 0 -1.57 594.85 562.58 666.64 595.13 1.30 1.89 4.72 -0.35 1.86 31.64 -1.57
Car 0.00 0 1.56 837.87 555.54 886.67 593.22 1.65 2.15 5.03 11.54 1.69 33.02 1.56
Car 0.00 0 1.76 766.43 397.27 1111.39 754.30 4.25 3.94 10.27 4.63 0.38 13.03 1.76
Car 0.00 0 1.57 759.27 549.70 809.72 595.52 1.99 1.77 4.44 7.15 1.51 31.37 1.57
Car 0.00 0 1.62 703.92 566.05 787.07 620.78 1.49 2.16 4.79 3.83 1.76 22.48 1.62