Car 0.00 0 1.56 590.85 579.30 708.39 676.46 1.49 2.16 4.79 0.23 1.76 14.18 1.56
Car 0.00 0 1.57 570.83 628.22 729.94 810.35 1.38 1.48 2.21 0.11 1.82 7.07 1.57
Car 0.00 0 0.02 908.21 526.06 1040.92 576.35 3.46 2.89 7.94 23.65 0.77 45.52 0.02
Car 0.00 0 1.16 666.95 555.09 691.40 580.08 1.53 0.87 2.19 2.57 1.78 41.79 1.16
Car 0.00 0 0.40 801.30 553.87 875.44 577.19 1.49 1.84 4.89 13.88 1.75 44.77 0.40
Cyclist 0.00 0 1.57 774.02 575.52 825.91 650.97 1.61 0.87 1.51 3.76 1.69 15.15 1.57
Cyclist 0.00 0 0.01 1155.04 552.32 1186.57 575.58 1.61 0.87 1.51 37.55 1.69 45.29 0.01
Car 0.00 0 -0.55 669.67 551.73 744.66 574.81 1.57 1.80 5.37 5.01 1.71 48.12 -0.55
Car 0.00 0 0.00 1084.85 552.73 1119.41 575.66 1.59 0.87 1.82 32.72 1.71 45.33 0.00
Car 0.00 0 1.56 716.55 565.03 798.42 621.27 1.54 2.04 4.97 3.92 1.74 22.25 1.56
Car 0.00 0 1.56 808.02 597.12 1272.93 886.81 1.65 2.15 5.03 3.57 1.69 7.18 1.56
Car 0.00 0 1.56 635.89 548.87 670.66 589.04 1.99 1.77 4.44 0.73 1.51 34.89 1.56
Car 0.00 0 1.56 617.95 565.80 685.71 618.59 1.49 2.16 4.79 0.43 1.76 22.83 1.56
Car 0.00 0 -2.29 637.84 552.08 685.42 572.67 1.50 1.85 3.63 1.74 1.74 50.56 -2.29