Car 0.00 0 1.56 654.43 564.98 726.98 622.27 1.49 2.16 4.79 1.77 1.69 21.52 1.56
Car 0.00 0 1.58 634.66 596.27 728.10 696.96 1.38 1.48 2.21 0.75 1.79 11.27 1.58
Motorcycle 0.00 0 1.59 893.86 600.11 1039.46 779.14 1.65 0.77 2.35 3.90 1.68 7.91 1.59
Car 0.00 0 0.02 923.80 525.91 1039.96 569.38 3.46 2.89 7.94 28.00 0.60 52.72 0.02
Car 0.00 0 1.56 693.26 548.04 714.03 566.95 1.55 1.79 3.71 5.71 1.54 57.23 1.56
Car 0.00 0 1.16 713.70 550.35 734.31 570.66 1.53 0.87 2.19 6.68 1.61 50.81 1.16
Car 0.00 0 0.45 821.08 549.65 884.80 569.44 1.49 1.84 4.89 17.52 1.58 52.65 0.45
Cyclist 0.00 0 1.57 773.76 560.48 802.43 606.25 1.61 0.87 1.51 5.57 1.61 24.17 1.57
Car 0.00 0 -0.55 717.16 547.84 780.95 567.18 1.57 1.80 5.37 9.65 1.52 56.91 -0.55
Car 0.00 0 -1.58 441.20 562.48 544.55 616.01 1.51 2.13 4.90 -5.12 1.67 23.08 -1.58
Car 0.00 0 1.56 746.14 556.20 798.53 593.89 1.54 2.04 4.97 6.35 1.63 31.23 1.56
Car 0.00 0 -1.56 155.37 606.55 498.48 822.54 1.48 1.97 3.81 -3.24 1.74 7.61 -1.56
Car 0.00 0 1.56 772.65 567.32 898.85 656.13 1.65 2.15 5.03 4.71 1.64 16.24 1.56
Car 0.00 0 1.56 687.60 545.13 714.89 576.01 1.99 1.77 4.44 4.24 1.36 44.03 1.56
Car 0.00 0 1.56 673.95 556.74 720.79 592.10 1.49 2.16 4.79 2.92 1.66 32.06 1.56