Car 0.00 0 1.56 590.85 579.36 708.39 676.52 1.49 2.16 4.79 0.23 1.76 14.18 1.56
Car 0.00 0 1.57 570.84 628.27 729.93 810.41 1.38 1.48 2.21 0.11 1.82 7.07 1.57
Car 0.00 0 -0.00 1028.53 525.98 1170.40 576.64 3.46 2.89 7.94 32.42 0.77 45.39 -0.00
Car 0.00 0 1.16 666.95 555.14 691.40 580.13 1.53 0.87 2.19 2.57 1.78 41.79 1.16
Car 0.00 0 0.05 890.85 553.82 971.44 576.10 1.49 1.84 4.89 20.60 1.76 45.40 0.05
Cyclist 0.00 0 1.56 745.23 567.17 780.74 621.85 1.61 0.87 1.51 3.87 1.69 20.25 1.56
Car 0.00 0 -0.41 700.44 552.04 778.15 575.47 1.57 1.80 5.37 7.29 1.71 47.12 -0.41
Car 0.00 0 1.51 704.71 558.24 752.68 594.78 1.54 2.04 4.97 4.30 1.74 31.73 1.51
Car 0.00 0 -2.98 737.81 549.91 757.93 568.68 1.62 0.58 1.66 9.55 1.70 56.70 -2.98
Car 0.00 0 1.56 766.04 581.66 1001.19 734.60 1.65 2.15 5.03 3.65 1.69 10.82 1.56
Car 0.00 0 1.56 635.89 548.92 670.66 589.10 1.99 1.77 4.44 0.73 1.51 34.90 1.56
Car 0.00 0 1.56 617.97 565.84 685.69 618.59 1.49 2.16 4.79 0.43 1.76 22.84 1.56
Car 0.00 0 -1.59 520.16 565.31 587.31 614.53 1.50 1.85 3.63 -3.04 1.74 23.22 -1.59