Car 0.00 0 0.95 680.96 566.67 797.84 621.41 1.49 2.16 4.79 3.61 1.78 22.42 0.95
Car 0.00 0 1.56 592.85 599.51 688.07 702.42 1.38 1.48 2.21 0.01 1.83 11.06 1.56
Cyclist 0.00 0 -0.03 1059.65 563.99 1116.99 609.34 1.61 0.87 1.51 16.56 1.71 23.67 -0.03
Motorcycle 0.00 0 1.56 1052.62 657.28 1279.00 1079.00 1.65 0.77 2.35 3.50 1.71 3.66 1.56
Car 0.00 0 -0.17 870.29 565.91 933.17 608.86 1.52 0.80 2.04 9.75 1.75 23.90 -0.17
Cyclist 0.00 0 0.92 859.05 569.85 905.22 631.44 1.61 0.87 1.51 6.99 1.71 18.44 0.92
Car 0.00 0 3.13 1044.95 560.55 1147.30 587.79 1.39 1.99 4.18 24.89 1.85 35.04 3.13
Car 0.00 0 0.02 1225.17 565.77 1279.00 612.30 1.54 2.04 4.97 24.84 1.76 23.48 0.02
Car 0.00 0 1.45 782.17 580.32 983.23 725.32 1.65 2.15 5.03 3.89 1.70 11.34 1.45
Car 0.00 0 3.14 1161.39 522.34 1279.00 588.18 3.46 2.89 7.94 33.75 0.80 35.13 3.14
Car 0.00 0 0.00 1039.55 563.74 1190.75 602.52 1.49 2.16 4.79 19.93 1.79 27.01 0.00