Car 0.00 0 1.23 631.69 568.05 734.13 628.53 1.49 2.16 4.79 1.55 1.77 20.79 1.23
Car 0.00 0 1.56 589.52 602.78 691.54 713.48 1.38 1.48 2.21 0.01 1.82 10.40 1.56
Cyclist 0.00 0 -0.03 1029.34 561.95 1081.27 603.83 1.61 0.87 1.51 16.57 1.70 25.56 -0.03
Motorcycle 0.00 0 1.56 955.84 630.11 1267.48 948.13 1.65 0.77 2.35 3.50 1.71 5.14 1.56
Car 0.00 0 -0.17 853.89 563.74 911.34 603.41 1.52 0.80 2.04 9.75 1.74 25.78 -0.17
Cyclist 0.00 0 0.92 838.47 566.90 881.11 622.29 1.61 0.87 1.51 6.99 1.70 20.33 0.92
Car 0.00 0 3.13 1025.58 559.21 1121.48 584.95 1.39 1.99 4.18 24.94 1.83 36.92 3.13
Car 0.00 0 0.02 1182.98 563.65 1279.00 606.36 1.54 2.04 4.97 24.83 1.75 25.36 0.02
Car 0.00 0 1.45 765.33 575.25 922.30 692.14 1.65 2.15 5.03 3.89 1.70 13.23 1.45
Car 0.00 0 3.14 1135.95 522.96 1279.00 585.31 3.46 2.89 7.94 33.76 0.79 37.01 3.14
Car 0.00 0 0.02 942.29 561.94 1075.88 598.16 1.49 2.16 4.79 16.53 1.77 28.84 0.02