Car 0.00 0 1.07 659.90 566.45 770.94 623.19 1.49 2.16 4.79 2.72 1.76 21.87 1.07
Car 0.00 0 1.56 591.80 599.86 689.22 705.43 1.38 1.48 2.21 0.01 1.82 10.84 1.56
Cyclist 0.00 0 -0.03 1047.68 562.59 1102.84 606.56 1.61 0.87 1.51 16.57 1.68 24.39 -0.03
Motorcycle 0.00 0 1.56 1002.80 642.71 1279.00 1053.51 1.65 0.77 2.35 3.50 1.71 4.33 1.56
Car 0.00 0 -0.17 863.82 564.46 924.53 606.11 1.52 0.80 2.04 9.75 1.72 24.61 -0.17
Cyclist 0.00 0 0.92 850.81 568.08 895.57 627.17 1.61 0.87 1.51 6.99 1.68 19.15 0.92
Car 0.00 0 3.13 1037.60 559.43 1137.42 586.07 1.39 1.99 4.18 24.92 1.81 35.75 3.13
Car 0.00 0 0.02 1208.57 564.36 1279.00 609.28 1.54 2.04 4.97 24.84 1.73 24.19 0.02
Car 0.00 0 1.45 775.31 577.67 957.32 710.62 1.65 2.15 5.03 3.89 1.69 12.05 1.45
Car 0.00 0 3.14 1151.52 521.99 1279.00 586.47 3.46 2.89 7.94 33.75 0.76 35.84 3.14
Car 0.00 0 0.01 1005.28 562.46 1149.71 600.15 1.49 2.16 4.79 18.82 1.76 27.71 0.01