Car 0.00 0 1.64 609.20 561.86 665.85 603.13 1.49 2.16 4.79 -0.21 1.79 28.15 1.64
Car 0.00 0 1.56 572.24 584.20 708.76 698.94 1.49 2.16 4.79 0.01 1.78 12.54 1.56
Car 0.00 0 3.13 1011.64 556.90 1057.70 578.28 1.38 1.48 2.21 26.77 1.86 43.45 3.13
Car 0.00 0 3.13 898.34 552.13 980.57 575.70 1.65 2.15 5.03 21.91 1.74 46.97 3.13
Truck 0.00 0 -3.11 239.84 545.96 343.51 575.65 2.10 2.39 6.27 -25.47 1.50 46.99 -3.11
Car 0.00 0 0.05 187.31 547.84 280.93 581.98 2.04 2.07 4.48 -25.18 1.52 39.83 0.05
Car 0.00 0 1.03 720.90 560.54 784.82 591.60 1.39 1.99 4.18 6.03 1.85 33.83 1.03
Car 0.00 0 -3.09 912.71 554.22 979.29 577.95 1.55 1.79 3.71 20.90 1.77 43.80 -3.09
Car 0.00 0 0.31 774.47 509.96 953.48 584.46 4.25 3.94 10.27 13.96 0.41 40.00 0.31
Car 0.00 0 2.72 446.49 555.12 509.23 579.72 1.50 1.85 3.63 -10.68 1.78 42.19 2.72
Car 0.00 0 3.13 1012.57 527.11 1148.09 575.84 3.46 2.89 7.94 32.14 0.82 46.94 3.13