Car 0.00 0 1.64 760.77 561.10 829.47 600.59 1.49 2.16 4.79 7.25 1.80 29.51 1.64
Car 0.00 0 1.89 627.46 585.53 769.93 709.23 1.49 2.16 4.79 1.31 1.78 12.07 1.89
Car 0.00 0 1.80 719.79 574.63 775.68 627.22 1.38 1.48 2.21 3.39 1.85 19.94 1.80
Truck 0.00 0 -1.58 755.35 546.60 819.57 582.55 2.10 2.39 6.27 9.72 1.51 41.73 -1.58
Motorcycle 0.00 0 1.59 876.85 557.90 899.10 593.41 1.65 0.77 2.35 12.41 1.75 31.99 1.59
Car 0.00 0 -1.58 747.89 541.71 801.74 574.73 2.43 2.35 6.37 10.77 1.36 50.67 -1.58
Truck 0.00 0 1.89 816.75 557.76 1032.75 720.49 2.10 2.39 6.27 4.87 1.47 12.21 1.89
Cyclist 0.00 0 1.56 913.76 552.86 929.07 576.07 1.61 0.87 1.51 20.33 1.75 46.22 1.56
Car 0.00 0 1.56 913.96 552.11 947.01 573.11 1.54 2.04 4.97 23.83 1.81 52.41 1.56
Car 0.00 0 -1.28 265.25 587.73 476.66 680.99 1.30 1.89 4.72 -5.51 1.87 13.95 -1.28
Car 0.00 0 -1.58 829.81 551.99 861.75 570.08 1.48 1.97 3.81 18.33 1.84 56.91 -1.58
Car 0.00 0 1.56 882.47 554.05 930.55 584.86 1.65 2.15 5.03 16.44 1.74 39.33 1.56
Car 0.00 0 1.73 783.28 474.20 936.28 636.38 4.25 3.94 10.27 7.65 0.41 22.28 1.73
Car 0.00 0 1.56 866.56 546.85 898.07 572.62 1.99 1.77 4.44 20.02 1.58 52.79 1.56
Car 0.00 0 1.57 825.33 555.58 874.50 582.05 1.49 2.16 4.79 13.70 1.82 41.58 1.57