Car 0.00 0 1.56 745.10 557.93 794.33 591.86 1.49 2.16 4.79 6.84 1.75 33.35 1.56
Car 0.00 0 1.65 630.88 583.51 769.84 704.12 1.49 2.16 4.79 1.35 1.76 12.33 1.65
Car 0.00 0 1.58 728.61 568.93 774.81 612.17 1.38 1.48 2.21 4.13 1.81 23.48 1.58
Motorcycle 0.00 0 1.59 845.74 569.68 883.04 638.04 1.65 0.77 2.35 6.17 1.70 17.69 1.59
Car 0.00 0 -1.44 0.00 543.79 364.10 867.22 2.43 2.35 6.37 -6.41 1.29 8.20 -1.44
Cyclist 0.00 0 1.57 831.89 556.24 850.51 588.74 1.61 0.87 1.51 10.51 1.68 33.45 1.57
Car 0.00 0 -1.58 576.99 558.78 650.76 596.34 1.51 2.13 4.90 -1.14 1.74 30.90 -1.58
Car 0.00 0 1.56 820.69 554.19 856.78 582.41 1.54 2.04 4.97 12.43 1.72 40.29 1.56
Car 0.00 0 -1.52 485.41 578.92 623.53 666.45 1.48 1.97 3.81 -1.79 1.76 14.71 -1.52
Car 0.00 0 1.56 819.35 559.24 881.40 609.61 1.65 2.15 5.03 8.34 1.68 25.78 1.56
Car 0.00 0 1.73 764.42 0.00 1279.00 1079.00 4.25 3.94 10.27 3.84 0.38 7.13 1.73
Car 0.00 0 1.56 777.28 545.66 801.66 571.22 1.99 1.77 4.44 12.49 1.49 53.33 1.56
Car 0.00 0 1.56 760.92 554.47 799.41 580.80 1.49 2.16 4.79 9.19 1.75 41.68 1.56