Car 0.00 0 1.56 659.77 565.32 726.18 617.18 1.49 2.16 4.79 1.99 1.76 23.29 1.56
Car 0.00 0 1.58 569.38 595.80 772.04 778.15 1.49 2.16 4.79 0.52 1.76 9.22 1.58
Car 0.00 0 1.57 656.84 581.50 719.68 647.00 1.38 1.48 2.21 1.25 1.82 16.22 1.57
Motorcycle 0.00 0 1.58 842.74 585.35 925.30 700.38 1.65 0.77 2.35 4.23 1.71 11.30 1.58
Car 0.00 0 1.16 714.76 552.57 735.45 572.98 1.53 0.87 2.19 6.74 1.78 50.60 1.16
Car 0.00 0 0.03 934.29 552.06 1005.98 571.22 1.49 1.84 4.89 27.00 1.76 52.46 0.03
Cyclist 0.00 0 1.56 759.67 556.43 780.13 592.04 1.61 0.87 1.51 6.47 1.69 31.97 1.56
Car 0.00 0 -0.22 786.61 550.56 853.40 570.51 1.57 1.80 5.37 15.25 1.71 54.24 -0.22
Car 0.00 0 1.34 743.94 552.90 783.43 578.77 1.54 2.04 4.97 8.67 1.74 44.55 1.34
Car 0.00 0 1.56 756.05 561.20 833.51 617.10 1.65 2.15 5.03 5.54 1.69 23.54 1.56
Car 0.00 0 1.56 688.58 547.17 715.96 578.55 1.99 1.77 4.44 4.30 1.51 43.89 1.56
Car 0.00 0 1.56 674.74 558.98 721.81 594.58 1.49 2.16 4.79 2.95 1.76 31.91 1.56
Car 0.00 0 -1.58 583.38 561.69 640.21 603.61 1.50 1.85 3.63 -1.12 1.74 27.02 -1.58