Car 0.00 0 1.56 659.77 565.32 726.18 617.18 1.49 2.16 4.79 1.99 1.76 23.29 1.56
Car 0.00 0 1.58 569.38 595.80 772.04 778.15 1.49 2.16 4.79 0.52 1.76 9.22 1.58
Car 0.00 0 1.57 656.84 581.50 719.68 647.00 1.38 1.48 2.21 1.25 1.82 16.22 1.57
Motorcycle 0.00 0 1.57 801.90 571.43 848.41 644.49 1.65 0.77 2.35 4.79 1.71 16.72 1.57
Car 0.00 0 0.50 777.60 551.34 804.64 569.52 1.53 0.87 2.19 13.27 1.78 56.18 0.50
Cyclist 0.00 0 1.56 759.68 557.26 779.93 591.22 1.61 0.87 1.51 6.48 1.69 32.00 1.56
Car 0.00 0 -0.02 878.96 550.85 953.28 570.94 1.57 1.80 5.37 22.83 1.71 53.08 -0.02
Car 0.00 0 0.98 765.98 551.94 819.86 574.60 1.54 2.04 4.97 11.79 1.74 49.12 0.98
Car 0.00 0 -2.17 656.54 549.55 672.96 568.13 1.62 0.58 1.66 2.26 1.70 58.27 -2.17
Car 0.00 0 1.56 753.76 560.14 825.70 612.13 1.65 2.15 5.03 5.69 1.69 24.97 1.56
Car 0.00 0 1.62 752.75 0.00 1279.00 1079.00 4.25 3.94 10.27 3.51 0.38 4.86 1.62
Car 0.00 0 1.56 689.66 546.83 715.76 576.84 1.99 1.77 4.44 4.53 1.51 45.91 1.56
Car 0.00 0 1.56 674.74 558.98 721.81 594.58 1.49 2.16 4.79 2.95 1.76 31.91 1.56
Car 0.00 0 -1.58 494.38 573.94 599.37 647.91 1.50 1.85 3.63 -2.29 1.74 16.69 -1.58