Car 0.00 0 1.56 659.77 565.32 726.18 617.18 1.49 2.16 4.79 1.99 1.76 23.29 1.56
Car 0.00 0 1.58 569.38 595.80 772.04 778.15 1.49 2.16 4.79 0.52 1.76 9.22 1.58
Car 0.00 0 1.57 656.84 581.50 719.68 647.00 1.38 1.48 2.21 1.25 1.82 16.22 1.57
Motorcycle 0.00 0 1.57 809.63 574.21 862.01 654.38 1.65 0.77 2.35 4.65 1.71 15.36 1.57
Car 0.00 0 0.81 746.81 551.56 771.78 570.65 1.53 0.87 2.19 10.17 1.78 54.51 0.81
Cyclist 0.00 0 1.56 759.68 557.26 779.93 591.22 1.61 0.87 1.51 6.48 1.69 32.00 1.56
Car 0.00 0 -0.04 847.31 550.92 919.54 570.68 1.57 1.80 5.37 20.23 1.72 53.39 -0.04
Car 0.00 0 1.07 758.99 552.35 809.80 574.98 1.54 2.04 4.97 10.93 1.74 48.19 1.07
Car 0.00 0 1.56 753.76 560.15 825.70 612.12 1.65 2.15 5.03 5.69 1.69 24.97 1.56
Car 0.00 0 1.66 762.31 107.86 1279.00 1079.00 4.25 3.94 10.27 3.36 0.38 2.54 1.66
Car 0.00 0 1.56 688.86 547.01 715.92 578.27 1.99 1.77 4.44 4.35 1.51 44.37 1.56
Car 0.00 0 1.56 674.74 558.98 721.81 594.58 1.49 2.16 4.79 2.95 1.76 31.91 1.56
Car 0.00 0 -1.58 534.34 568.80 616.86 627.86 1.50 1.85 3.63 -1.91 1.74 20.05 -1.58