Car 0.00 0 1.56 659.77 565.32 726.18 617.18 1.49 2.16 4.79 1.99 1.76 23.29 1.56
Car 0.00 0 1.58 569.38 595.80 772.04 778.15 1.49 2.16 4.79 0.52 1.76 9.22 1.58
Car 0.00 0 1.57 656.84 581.50 719.68 647.00 1.38 1.48 2.21 1.25 1.82 16.22 1.57
Motorcycle 0.00 0 1.58 874.21 595.61 991.79 747.82 1.65 0.77 2.35 4.01 1.71 8.99 1.58
Car 0.00 0 1.16 714.76 552.57 735.45 572.98 1.53 0.87 2.19 6.74 1.78 50.60 1.16
Car 0.00 0 0.04 916.76 552.02 987.53 571.14 1.49 1.84 4.89 25.58 1.76 52.58 0.04
Cyclist 0.00 0 1.56 763.16 558.53 785.16 595.12 1.61 0.87 1.51 6.23 1.69 29.78 1.56
Car 0.00 0 -0.38 751.62 550.39 818.80 570.10 1.57 1.80 5.37 12.50 1.71 55.20 -0.38
Car 0.00 0 1.50 743.61 554.16 777.65 581.20 1.54 2.04 4.97 7.77 1.74 41.45 1.50
Car 0.00 0 1.56 762.11 564.17 855.25 630.58 1.65 2.15 5.03 5.19 1.69 20.40 1.56
Car 0.00 0 1.56 688.58 547.17 715.96 578.55 1.99 1.77 4.44 4.30 1.51 43.89 1.56
Car 0.00 0 1.56 674.74 558.98 721.81 594.58 1.49 2.16 4.79 2.95 1.76 31.91 1.56
Car 0.00 0 -1.59 603.14 559.04 650.29 593.67 1.50 1.85 3.63 -0.59 1.74 31.55 -1.59