Car 0.00 0 1.56 659.77 565.32 726.18 617.18 1.49 2.16 4.79 1.99 1.76 23.29 1.56
Car 0.00 0 1.58 569.38 595.80 772.04 778.15 1.49 2.16 4.79 0.52 1.76 9.22 1.58
Car 0.00 0 1.57 656.84 581.50 719.68 647.00 1.38 1.48 2.21 1.25 1.82 16.22 1.57
Car 0.00 0 -1.58 546.32 562.05 633.23 620.41 1.65 2.15 5.03 -1.62 1.69 22.65 -1.58
Cyclist 0.00 0 -0.05 857.32 550.42 878.20 570.11 1.61 0.87 1.51 19.09 1.69 53.67 -0.05
Motorcycle 0.00 0 1.57 801.88 571.61 848.40 644.31 1.65 0.77 2.35 4.79 1.71 16.72 1.57
Car 0.00 0 -1.77 604.34 552.23 642.45 572.25 1.47 1.82 4.19 -1.29 1.77 51.87 -1.77
Cyclist 0.00 0 1.56 759.67 557.26 779.89 591.20 1.61 0.87 1.51 6.48 1.69 32.01 1.56
Car 0.00 0 -1.58 344.11 576.63 406.20 656.56 1.62 0.58 1.66 -6.03 1.70 14.68 -1.58
Car 0.00 0 1.56 753.76 560.14 825.70 612.13 1.65 2.15 5.03 5.69 1.69 24.97 1.56
Car 0.00 0 1.62 750.58 0.00 1279.00 1079.00 4.25 3.94 10.27 3.56 0.38 5.61 1.62
Car 0.00 0 1.56 693.38 545.77 715.13 570.68 1.99 1.77 4.44 5.52 1.51 54.68 1.56
Car 0.00 0 1.56 674.75 558.97 721.81 594.57 1.49 2.16 4.79 2.95 1.76 31.92 1.56