Car 0.00 0 1.56 674.86 558.93 721.79 594.40 1.49 2.16 4.79 2.96 1.76 32.00 1.56
Car 0.00 0 1.58 574.80 594.23 768.57 767.78 1.49 2.16 4.79 0.55 1.76 9.54 1.58
Car 0.00 0 1.57 666.12 574.34 717.16 626.94 1.38 1.48 2.21 1.62 1.82 19.73 1.57
Cyclist 0.00 0 -0.03 893.57 550.52 915.40 570.29 1.61 0.87 1.51 22.02 1.69 53.29 -0.03
Motorcycle 0.00 0 1.56 785.66 566.03 820.62 623.51 1.65 0.77 2.35 5.21 1.71 20.58 1.56
Car 0.00 0 -0.17 807.49 551.30 832.71 569.75 1.52 0.80 2.04 15.27 1.73 54.28 -0.17
Cyclist 0.00 0 1.53 752.72 554.32 768.38 581.94 1.61 0.87 1.51 7.31 1.69 38.87 1.53
Car 0.00 0 -1.58 583.18 552.22 619.20 577.71 1.62 1.85 3.99 -2.66 1.70 44.68 -1.58
Car 0.00 0 1.56 746.98 556.87 803.73 598.28 1.65 2.15 5.03 6.29 1.69 30.29 1.56
Car 0.00 0 1.61 748.30 0.00 1279.00 1079.00 4.25 3.94 10.27 3.61 0.38 6.32 1.61
Car 0.00 0 1.53 685.61 554.24 720.44 579.29 1.49 2.16 4.79 4.33 1.76 43.36 1.53