Car 0.00 0 0.57 720.62 557.76 810.63 588.27 1.49 2.16 4.79 7.05 1.79 35.79 0.57
Car 0.00 0 1.56 576.44 582.97 706.41 690.87 1.49 2.16 4.79 0.03 1.77 13.05 1.56
Car 0.00 0 1.56 621.93 568.23 661.88 608.46 1.38 1.48 2.21 0.07 1.84 24.84 1.56
Cyclist 0.00 0 -0.03 934.63 556.91 970.82 588.00 1.61 0.87 1.51 16.66 1.72 34.12 -0.03
Motorcycle 0.00 0 1.56 771.87 577.49 833.24 665.34 1.65 0.77 2.35 3.54 1.72 14.14 1.56
Car 0.00 0 -0.17 803.03 558.30 844.22 587.72 1.52 0.80 2.04 9.84 1.76 34.36 -0.17
Car 0.00 0 0.00 1260.35 557.66 1279.00 584.47 1.53 0.87 2.19 37.90 1.81 37.54 0.00
Cyclist 0.00 0 0.92 780.47 559.54 812.06 597.51 1.61 0.87 1.51 7.07 1.71 28.91 0.92
Car 0.00 0 -0.00 1230.67 557.52 1279.00 588.89 1.57 1.80 5.37 34.90 1.74 34.02 -0.00
Car 0.00 0 3.13 954.99 556.07 1029.33 576.71 1.39 1.99 4.18 24.95 1.86 45.46 3.13
Car 0.00 0 0.02 1051.82 558.28 1173.15 589.48 1.54 2.04 4.97 24.93 1.77 33.89 0.02
Car 0.00 0 1.45 722.89 563.26 797.57 624.49 1.65 2.15 5.03 3.95 1.71 21.82 1.45
Car 0.00 0 1.56 752.93 53.98 1279.00 1079.00 4.25 3.94 10.27 3.37 0.38 2.86 1.56
Car 0.00 0 3.14 1047.67 526.64 1189.50 576.94 3.46 2.89 7.94 33.88 0.81 45.52 3.14
Car 0.00 0 -0.00 989.78 557.47 1094.80 584.66 1.49 2.16 4.79 23.46 1.79 37.46 -0.00