Car 0.00 0 1.61 700.27 567.46 783.71 625.87 1.49 2.16 4.79 3.53 1.77 21.35 1.61
Car 0.00 0 1.72 643.09 602.63 746.19 717.37 1.38 1.48 2.21 0.96 1.82 10.31 1.72
Truck 0.00 0 -1.58 624.42 548.82 719.61 607.98 2.10 2.39 6.27 1.54 1.46 26.99 -1.58
Motorcycle 0.00 0 1.59 842.36 565.11 868.09 619.90 1.65 0.77 2.35 7.22 1.71 21.55 1.59
Car 0.00 0 -1.58 618.47 541.43 691.87 589.01 2.43 2.35 6.37 1.01 1.30 36.27 -1.58
Car 0.00 0 1.54 806.21 551.96 819.02 570.63 1.53 0.87 2.19 14.75 1.80 54.65 1.54
Truck 0.00 0 1.89 1013.38 606.22 1279.00 1079.00 2.10 2.39 6.27 3.48 1.46 0.79 1.89
Cyclist 0.00 0 1.56 845.87 555.19 861.98 584.45 1.61 0.87 1.51 12.37 1.70 36.99 1.56
Car 0.00 0 1.56 837.99 553.62 871.26 579.35 1.54 2.04 4.97 14.66 1.76 43.72 1.56
Car 0.00 0 -1.58 725.76 554.65 764.16 578.97 1.48 1.97 3.81 7.18 1.78 43.49 -1.58
Car 0.00 0 1.56 826.36 557.47 879.87 600.43 1.65 2.15 5.03 9.82 1.70 29.51 1.56
Car 0.00 0 1.73 764.04 345.33 1250.86 819.77 4.25 3.94 10.27 4.34 0.38 11.12 1.73
Car 0.00 0 1.56 786.89 547.26 817.66 577.11 1.99 1.77 4.44 11.61 1.53 45.62 1.56
Car 0.00 0 1.56 756.15 558.20 807.89 591.79 1.49 2.16 4.79 7.57 1.78 33.74 1.56