Car 0.00 0 1.57 688.31 567.13 768.21 628.44 1.49 2.16 4.79 2.96 1.73 20.51 1.57
Car 0.00 0 1.64 650.24 599.31 747.54 704.98 1.38 1.48 2.21 1.05 1.80 10.86 1.64
Truck 0.00 0 -1.51 228.60 558.87 585.01 782.79 2.10 2.39 6.27 -2.78 1.44 9.85 -1.51
Motorcycle 0.00 0 1.59 844.91 573.84 894.44 656.43 1.65 0.77 2.35 5.33 1.68 15.00 1.59
Car 0.00 0 -1.57 405.20 540.95 567.70 635.67 2.43 2.35 6.37 -4.42 1.26 19.93 -1.57
Car 0.00 0 1.30 770.11 550.32 787.22 568.93 1.53 0.87 2.19 12.04 1.69 55.51 1.30
Cyclist 0.00 0 1.56 815.19 556.75 835.60 592.08 1.61 0.87 1.51 8.93 1.64 30.88 1.56
Car 0.00 0 -1.59 633.12 552.62 678.70 577.95 1.51 2.13 4.90 1.16 1.67 43.64 -1.59
Car 0.00 0 1.56 800.11 554.24 839.98 584.57 1.54 2.04 4.97 10.55 1.67 37.80 1.56
Car 0.00 0 -1.58 628.00 561.20 690.78 602.15 1.48 1.97 3.81 0.91 1.72 27.41 -1.58
Car 0.00 0 1.56 804.68 560.38 878.11 617.60 1.65 2.15 5.03 7.14 1.65 23.17 1.56
Car 0.00 0 1.73 762.19 0.00 1279.00 1079.00 4.25 3.94 10.27 3.49 0.37 4.33 1.73
Car 0.00 0 1.56 748.46 545.87 776.58 576.12 1.99 1.77 4.44 8.72 1.43 45.35 1.56
Car 0.00 0 1.56 728.48 557.00 775.66 590.91 1.49 2.16 4.79 5.93 1.71 33.44 1.56