Car 0.00 0 1.57 686.63 566.52 755.34 619.54 1.49 2.16 4.79 3.01 1.79 22.91 1.57
Car 0.00 0 1.60 657.40 593.22 740.85 683.68 1.38 1.48 2.21 1.21 1.84 12.49 1.60
Truck 0.00 0 -1.43 0.00 601.71 301.85 1079.00 2.10 2.39 6.27 -3.53 1.46 1.10 -1.43
Motorcycle 0.00 0 1.59 846.54 580.88 910.20 679.12 1.65 0.77 2.35 4.75 1.72 12.93 1.59
Car 0.00 0 -1.54 71.10 543.91 443.50 731.76 2.43 2.35 6.37 -6.14 1.30 11.71 -1.54
Car 0.00 0 1.56 737.61 550.76 758.42 569.16 1.55 1.79 3.71 9.95 1.80 58.78 1.56
Car 0.00 0 1.16 757.14 552.30 776.60 570.85 1.53 0.87 2.19 11.00 1.85 55.46 1.16
Cyclist 0.00 0 1.56 800.15 559.85 822.41 597.68 1.61 0.87 1.51 7.73 1.73 28.93 1.56
Car 0.00 0 -1.58 575.95 557.58 635.55 590.19 1.51 2.13 4.90 -1.77 1.79 35.08 -1.58
Car 0.00 0 1.56 781.86 556.93 824.85 589.07 1.54 2.04 4.97 9.08 1.79 35.91 1.56
Car 0.00 0 -1.58 540.40 572.10 639.15 635.69 1.48 1.97 3.81 -1.36 1.79 18.94 -1.58
Car 0.00 0 1.56 791.71 564.13 876.11 628.00 1.65 2.15 5.03 6.24 1.72 21.17 1.56
Car 0.00 0 1.73 766.82 152.18 1279.00 1079.00 4.25 3.94 10.27 3.33 0.38 2.20 1.73
Car 0.00 0 1.56 730.08 547.61 756.83 577.23 1.99 1.77 4.44 7.54 1.57 46.37 1.56
Car 0.00 0 1.56 714.97 558.00 758.09 589.62 1.49 2.16 4.79 5.42 1.81 35.43 1.56