Car 0.00 0 1.56 600.05 577.12 707.97 665.51 1.49 2.16 4.79 0.35 1.77 15.23 1.56
Car 0.00 0 1.57 586.57 618.20 721.79 770.14 1.38 1.48 2.21 0.18 1.82 8.12 1.57
Car 0.00 0 0.02 908.18 526.55 1038.45 575.86 3.46 2.89 7.94 24.01 0.79 46.39 0.02
Car 0.00 0 1.16 671.30 554.92 695.20 579.27 1.53 0.87 2.19 2.91 1.79 42.83 1.16
Car 0.00 0 0.40 802.90 553.81 875.70 576.58 1.49 1.84 4.89 14.24 1.77 45.72 0.40
Cyclist 0.00 0 1.57 770.99 573.56 818.71 643.81 1.61 0.87 1.51 3.89 1.69 16.18 1.57
Cyclist 0.00 0 0.01 1151.50 552.36 1182.46 575.23 1.61 0.87 1.51 37.91 1.70 46.05 0.01
Car 0.00 0 -0.55 674.06 551.69 747.53 574.27 1.57 1.80 5.37 5.40 1.73 49.13 -0.55
Car 0.00 0 0.00 1082.16 552.75 1116.11 575.27 1.59 0.87 1.82 33.08 1.72 46.13 0.00
Car 0.00 0 1.56 718.55 564.22 795.74 617.49 1.54 2.04 4.97 4.11 1.74 23.27 1.56
Car 0.00 0 1.56 797.04 591.82 1164.50 824.66 1.65 2.15 5.03 3.64 1.70 8.21 1.56
Car 0.00 0 1.56 641.05 548.81 674.74 587.72 1.99 1.77 4.44 1.01 1.52 35.94 1.56
Car 0.00 0 1.56 624.10 564.96 688.57 614.96 1.49 2.16 4.79 0.62 1.77 23.88 1.56
Car 0.00 0 -2.48 670.56 551.50 717.39 570.59 1.50 1.85 3.63 4.58 1.75 54.10 -2.48