Car 0.00 0 1.56 590.85 579.36 708.39 676.52 1.49 2.16 4.79 0.23 1.76 14.18 1.56
Car 0.00 0 1.57 570.84 628.27 729.93 810.41 1.38 1.48 2.21 0.11 1.82 7.07 1.57
Car 0.00 0 -2.99 735.36 549.60 798.23 569.19 1.65 2.15 5.03 11.18 1.69 56.60 -2.99
Motorcycle 0.00 0 1.57 964.61 630.31 1279.00 953.46 1.65 0.77 2.35 3.55 1.71 5.10 1.57
Car 0.00 0 1.03 681.32 554.51 707.47 578.28 1.53 0.87 2.19 3.73 1.78 43.72 1.03
Car 0.00 0 0.01 959.08 553.72 1042.79 576.31 1.49 1.84 4.89 25.56 1.76 45.42 0.01
Cyclist 0.00 0 1.56 734.02 563.58 763.93 611.11 1.61 0.87 1.51 3.94 1.69 23.24 1.56
Car 0.00 0 -0.08 795.67 552.59 877.81 575.84 1.57 1.80 5.37 14.02 1.71 45.84 -0.08
Car 0.00 0 1.16 714.42 554.54 769.47 585.60 1.54 2.04 4.97 6.23 1.75 38.61 1.16
Car 0.00 0 -2.49 648.35 550.42 668.55 570.73 1.62 0.58 1.66 1.54 1.70 53.35 -2.49
Car 0.00 0 1.56 734.34 569.76 864.97 658.18 1.65 2.15 5.03 3.77 1.69 16.17 1.56
Car 0.00 0 1.56 635.91 548.90 670.65 589.10 1.99 1.77 4.44 0.73 1.51 34.91 1.56
Car 0.00 0 1.56 617.97 565.85 685.69 618.59 1.49 2.16 4.79 0.43 1.76 22.85 1.56
Car 0.00 0 -1.58 408.69 581.20 543.30 675.53 1.50 1.85 3.63 -3.29 1.74 13.59 -1.58