Car 0.00 0 1.56 590.85 579.36 708.39 676.52 1.49 2.16 4.79 0.23 1.76 14.18 1.56
Car 0.00 0 1.57 570.84 628.27 729.93 810.41 1.38 1.48 2.21 0.11 1.82 7.07 1.57
Car 0.00 0 0.00 973.81 526.01 1111.60 576.56 3.46 2.89 7.94 28.44 0.77 45.46 0.00
Car 0.00 0 1.16 666.95 555.14 691.40 580.13 1.53 0.87 2.19 2.57 1.78 41.79 1.16
Car 0.00 0 0.31 812.54 553.76 888.56 577.15 1.49 1.84 4.89 14.78 1.76 44.96 0.31
Cyclist 0.00 0 1.56 770.52 574.75 819.60 646.95 1.61 0.87 1.51 3.77 1.69 15.67 1.56
Car 0.00 0 -0.55 669.67 551.79 744.66 574.87 1.57 1.80 5.37 5.01 1.71 48.12 -0.55
Car 0.00 0 0.00 1173.73 552.77 1210.20 575.80 1.59 0.87 1.82 39.02 1.71 45.26 0.00
Car 0.00 0 1.56 710.88 562.99 782.00 611.53 1.54 2.04 4.97 3.99 1.74 24.80 1.56
Car 0.00 0 -3.10 810.42 549.89 830.90 568.39 1.62 0.58 1.66 16.12 1.70 57.11 -3.10
Car 0.00 0 1.56 808.02 597.17 1272.91 886.86 1.65 2.15 5.03 3.57 1.69 7.18 1.56
Car 0.00 0 1.56 635.89 548.92 670.66 589.10 1.99 1.77 4.44 0.73 1.51 34.90 1.56
Car 0.00 0 1.56 617.96 565.85 685.70 618.61 1.49 2.16 4.79 0.43 1.76 22.84 1.56
Car 0.00 0 -1.60 558.92 559.12 605.89 593.83 1.50 1.85 3.63 -2.76 1.74 31.42 -1.60