Car 0.00 0 1.56 590.85 579.36 708.39 676.52 1.49 2.16 4.79 0.23 1.76 14.18 1.56
Car 0.00 0 1.57 570.84 628.27 729.93 810.41 1.38 1.48 2.21 0.11 1.82 7.07 1.57
Car 0.00 0 -2.14 609.35 550.95 669.62 575.17 1.65 2.15 5.03 0.03 1.69 48.42 -2.14
Cyclist 0.00 0 -1.41 616.12 549.56 627.65 567.84 1.61 0.87 1.51 -1.66 1.69 58.27 -1.41
Motorcycle 0.00 0 1.57 868.61 602.57 1018.87 781.84 1.65 0.77 2.35 3.60 1.71 7.87 1.57
Car 0.00 0 -3.10 773.78 551.36 826.10 568.57 1.47 1.82 4.19 14.23 1.77 57.06 -3.10
Car 0.00 0 0.07 813.72 553.06 845.81 573.57 1.53 0.87 2.19 14.56 1.78 49.13 0.07
Car 0.00 0 -0.00 1103.40 553.86 1193.60 576.24 1.49 1.84 4.89 35.94 1.76 45.32 -0.00
Cyclist 0.00 0 1.56 734.01 563.58 763.92 611.10 1.61 0.87 1.51 3.94 1.69 23.24 1.56
Car 0.00 0 -0.01 925.49 552.75 1014.18 575.91 1.57 1.80 5.37 23.41 1.71 45.55 -0.01
Car 0.00 0 0.71 760.35 553.53 830.60 579.30 1.54 2.04 4.97 10.56 1.74 43.28 0.71
Car 0.00 0 -1.80 554.47 552.79 572.17 578.29 1.62 0.58 1.66 -5.16 1.70 43.12 -1.80
Car 0.00 0 1.56 734.34 569.71 864.97 658.28 1.65 2.15 5.03 3.77 1.69 16.17 1.56
Car 0.00 0 1.56 638.36 547.86 668.75 583.01 1.99 1.77 4.44 0.85 1.51 39.60 1.56
Car 0.00 0 1.56 617.98 565.84 685.69 618.58 1.49 2.16 4.79 0.43 1.76 22.85 1.56
Car 0.00 0 -1.57 0.00 769.38 20.80 1079.00 1.50 1.85 3.63 -3.59 1.74 0.93 -1.57