Car 0.00 0 1.56 590.85 579.36 708.39 676.52 1.49 2.16 4.79 0.23 1.76 14.18 1.56
Car 0.00 0 1.57 570.84 628.27 729.93 810.41 1.38 1.48 2.21 0.11 1.82 7.07 1.57
Car 0.00 0 -1.58 501.79 562.58 589.31 622.66 1.65 2.15 5.03 -3.08 1.69 22.04 -1.58
Cyclist 0.00 0 -0.17 767.74 551.99 789.31 574.57 1.61 0.87 1.51 10.05 1.69 46.50 -0.17
Motorcycle 0.00 0 1.57 868.61 602.58 1018.87 781.84 1.65 0.77 2.35 3.60 1.71 7.87 1.57
Car 0.00 0 -2.36 597.66 552.48 651.71 572.64 1.47 1.82 4.19 -1.19 1.77 51.07 -2.36
Cyclist 0.00 0 1.56 733.99 563.58 763.89 611.08 1.61 0.87 1.51 3.94 1.69 23.25 1.56
Car 0.00 0 -0.00 1097.59 552.82 1194.00 576.07 1.57 1.80 5.37 35.76 1.71 45.33 -0.00
Car 0.00 0 0.02 961.27 553.02 1047.85 576.74 1.54 2.04 4.97 25.80 1.75 45.42 0.02
Car 0.00 0 -1.58 330.33 575.09 386.51 650.59 1.62 0.58 1.66 -6.74 1.70 15.40 -1.58
Car 0.00 0 1.56 734.34 569.71 864.97 658.28 1.65 2.15 5.03 3.77 1.69 16.17 1.56
Car 0.00 0 1.56 640.37 547.14 667.24 577.88 1.99 1.77 4.44 0.97 1.51 44.48 1.56
Car 0.00 0 1.56 617.98 565.84 685.68 618.57 1.49 2.16 4.79 0.43 1.76 22.85 1.56