Car 0.00 0 1.56 590.85 579.36 708.39 676.52 1.49 2.16 4.79 0.23 1.76 14.18 1.56
Car 0.00 0 1.57 570.84 628.27 729.93 810.41 1.38 1.48 2.21 0.11 1.82 7.07 1.57
Cyclist 0.00 0 -0.03 872.61 552.23 898.11 575.24 1.61 0.87 1.51 17.55 1.69 45.81 -0.03
Motorcycle 0.00 0 1.57 868.61 602.58 1018.87 781.84 1.65 0.77 2.35 3.60 1.71 7.87 1.57
Car 0.00 0 -0.17 774.22 553.27 803.81 574.97 1.52 0.80 2.04 10.74 1.73 46.20 -0.17
Truck 0.00 0 -1.58 0.00 570.34 208.92 1079.00 2.10 2.39 6.27 -7.00 1.46 5.40 -1.58
Cyclist 0.00 0 1.56 733.88 563.54 763.72 610.98 1.61 0.87 1.51 3.94 1.69 23.28 1.56
Car 0.00 0 -0.00 1097.78 552.82 1194.20 576.07 1.57 1.80 5.37 35.77 1.71 45.33 -0.00
Car 0.00 0 -1.58 560.63 549.82 587.45 569.65 1.62 1.85 3.99 -5.75 1.70 56.17 -1.58
Car 0.00 0 0.02 961.44 553.32 1047.80 576.19 1.54 2.04 4.97 25.81 1.74 45.42 0.02
Car 0.00 0 1.56 734.34 569.71 864.97 658.28 1.65 2.15 5.03 3.77 1.69 16.17 1.56
Car 0.00 0 1.56 618.00 565.83 685.67 618.54 1.49 2.16 4.79 0.43 1.76 22.86 1.56