Car 0.00 0 1.54 608.21 566.06 676.52 619.36 1.49 2.16 4.79 0.13 1.77 22.66 1.54
Car 0.00 0 1.56 594.77 599.75 690.45 702.47 1.38 1.48 2.21 0.04 1.82 11.01 1.56
Cyclist 0.00 0 -0.03 913.46 555.17 946.28 583.82 1.61 0.87 1.51 16.73 1.69 36.96 -0.03
Motorcycle 0.00 0 1.56 828.99 593.19 940.74 734.44 1.65 0.77 2.35 3.53 1.71 9.50 1.56
Car 0.00 0 -0.17 791.92 556.46 829.54 583.56 1.52 0.80 2.04 9.91 1.73 37.22 -0.17
Car 0.00 0 0.00 1217.35 555.99 1264.88 580.91 1.53 0.87 2.19 37.88 1.78 40.35 0.00
Cyclist 0.00 0 1.17 741.02 559.13 768.91 598.28 1.61 0.87 1.51 5.12 1.69 28.42 1.17
Car 0.00 0 -0.00 1187.50 555.77 1279.00 584.62 1.57 1.80 5.37 34.95 1.72 36.83 -0.00
Car 0.00 0 -1.58 253.59 573.59 414.24 663.10 1.62 1.85 3.99 -6.95 1.70 15.04 -1.58
Car 0.00 0 3.13 939.74 554.68 1008.98 574.06 1.39 1.99 4.18 25.17 1.82 48.28 3.13
Car 0.00 0 0.02 1021.82 556.46 1132.05 585.10 1.54 2.04 4.97 24.99 1.74 36.72 0.02
Car 0.00 0 1.55 713.46 565.06 813.44 634.32 1.65 2.15 5.03 3.59 1.69 19.63 1.55
Car 0.00 0 3.14 1025.82 526.99 1157.86 574.26 3.46 2.89 7.94 33.97 0.78 48.33 3.14
Car 0.00 0 0.98 662.94 557.26 738.45 588.97 1.49 2.16 4.79 3.44 1.77 35.37 0.98