Car 0.00 0 1.53 609.11 566.45 677.89 620.13 1.49 2.16 4.79 0.18 1.77 22.52 1.53
Car 0.00 0 1.56 595.52 598.11 687.74 696.84 1.38 1.48 2.21 0.03 1.83 11.38 1.56
Cyclist 0.00 0 -0.03 938.88 556.89 975.75 588.48 1.61 0.87 1.51 16.65 1.70 33.60 -0.03
Motorcycle 0.00 0 1.56 835.76 595.60 955.81 744.96 1.65 0.77 2.35 3.52 1.71 9.08 1.56
Car 0.00 0 -0.17 805.27 558.31 847.18 588.20 1.52 0.80 2.04 9.83 1.75 33.84 -0.17
Car 0.00 0 0.00 1266.92 557.63 1279.00 584.82 1.53 0.87 2.19 37.79 1.80 37.03 0.00
Cyclist 0.00 0 0.93 775.98 559.80 809.55 599.82 1.61 0.87 1.51 6.64 1.70 27.80 0.93
Car 0.00 0 -0.00 1238.89 557.50 1279.00 589.39 1.57 1.80 5.37 34.87 1.73 33.51 -0.00
Car 0.00 0 -1.58 0.00 603.65 208.95 860.67 1.62 1.85 3.99 -6.99 1.70 7.01 -1.58
Car 0.00 0 3.13 959.85 555.98 1035.28 576.88 1.39 1.99 4.18 25.05 1.84 44.94 3.13
Car 0.00 0 0.02 1057.49 558.28 1181.07 589.99 1.54 2.04 4.97 24.91 1.75 33.38 0.02
Car 0.00 0 1.51 720.92 566.05 820.19 638.17 1.65 2.15 5.03 3.68 1.70 19.02 1.51
Car 0.00 0 3.14 1051.95 526.22 1195.69 577.10 3.46 2.89 7.94 33.86 0.79 45.01 3.14
Car 0.00 0 0.61 716.78 557.83 807.50 589.25 1.49 2.16 4.79 6.72 1.78 35.00 0.61