Car 0.00 0 1.56 524.35 600.79 757.55 810.79 1.49 2.16 4.79 0.03 1.76 8.33 1.56
Car 0.00 0 3.13 956.15 553.81 993.03 571.55 1.38 1.48 2.21 27.02 1.82 51.73 3.13
Car 0.00 0 3.13 863.86 549.86 932.09 569.76 1.65 2.15 5.03 22.22 1.69 55.27 3.13
Truck 0.00 0 1.56 612.50 548.15 674.07 604.86 2.10 2.39 6.27 0.15 1.46 27.98 1.56
Car 0.00 0 -1.58 0.00 448.63 400.06 779.28 3.46 2.89 7.94 -6.96 0.77 10.68 -1.58
Cyclist 0.00 0 -0.01 958.67 551.62 984.63 573.43 1.61 0.87 1.51 24.99 1.69 48.25 -0.01
Car 0.00 0 0.05 270.60 545.58 344.52 574.08 2.04 2.07 4.48 -25.06 1.48 48.38 0.05
Car 0.00 0 1.56 725.99 577.19 832.00 645.95 1.39 1.99 4.18 3.58 1.82 17.29 1.56
Car 0.00 0 -3.09 873.51 551.50 928.09 571.30 1.55 1.79 3.71 21.20 1.73 52.10 -3.09
Car 0.00 0 1.56 670.67 492.28 793.35 611.46 4.25 3.94 10.27 3.53 0.38 27.98 1.56
Car 0.00 0 1.56 603.57 573.83 682.18 646.28 1.50 1.85 3.63 0.08 1.74 16.84 1.56