Car 0.00 0 1.75 633.52 580.38 759.68 685.29 1.49 2.16 4.79 1.41 1.76 13.61 1.75
Car 0.00 0 1.86 595.60 629.78 759.84 821.08 1.38 1.48 2.21 0.42 1.82 6.88 1.86
Truck 0.00 0 -1.58 773.20 544.31 811.30 569.89 2.10 2.39 6.27 13.63 1.46 56.97 -1.58
Motorcycle 0.00 0 1.59 844.51 561.43 866.91 607.48 1.65 0.77 2.35 8.52 1.71 25.21 1.59
Car 0.00 0 1.56 814.17 551.48 842.04 572.49 1.55 1.79 3.71 15.09 1.73 51.23 1.56
Car 0.00 0 1.56 806.05 554.77 823.31 579.16 1.53 0.87 2.19 11.70 1.78 42.83 1.56
Cyclist 0.00 0 1.56 861.84 553.73 877.36 580.46 1.61 0.87 1.51 14.49 1.69 40.36 1.56
Car 0.00 0 1.56 857.04 552.51 888.88 576.26 1.54 2.04 4.97 17.14 1.74 46.96 1.56
Car 0.00 0 -1.57 588.36 563.03 662.03 596.41 1.30 1.89 4.72 -0.61 1.86 30.98 -1.57
Car 0.00 0 1.56 837.87 555.54 886.67 593.22 1.65 2.15 5.03 11.54 1.69 33.02 1.56
Car 0.00 0 1.75 767.57 400.38 1095.96 742.89 4.25 3.94 10.27 4.70 0.38 13.36 1.75
Car 0.00 0 1.57 760.02 549.67 810.16 595.16 1.99 1.77 4.44 7.22 1.51 31.55 1.57
Car 0.00 0 1.62 704.21 565.98 787.23 620.65 1.49 2.16 4.79 3.84 1.76 22.52 1.62