Car 0.00 0 1.62 685.69 568.93 778.34 635.95 1.49 2.16 4.79 2.90 1.73 19.17 1.62
Car 0.00 0 1.76 626.08 611.31 750.24 751.47 1.38 1.48 2.21 0.71 1.81 8.77 1.76
Truck 0.00 0 -1.58 646.06 546.91 730.92 600.36 2.10 2.39 6.27 2.40 1.41 29.47 -1.58
Motorcycle 0.00 0 1.59 842.75 563.80 868.37 618.42 1.65 0.77 2.35 7.25 1.67 21.60 1.59
Car 0.00 0 -1.58 634.20 540.13 701.65 584.62 2.43 2.35 6.37 1.82 1.23 38.55 -1.58
Car 0.00 0 1.55 805.01 550.92 818.03 570.39 1.53 0.87 2.19 14.25 1.70 53.13 1.55
Truck 0.00 0 1.89 1008.13 606.28 1279.00 1079.00 2.10 2.39 6.27 3.48 1.45 0.85 1.89
Cyclist 0.00 0 1.56 846.46 553.91 862.56 583.13 1.61 0.87 1.51 12.42 1.63 37.04 1.56
Car 0.00 0 1.56 838.63 552.34 871.88 578.04 1.54 2.04 4.97 14.72 1.67 43.77 1.56
Car 0.00 0 -1.58 733.50 552.70 769.56 575.61 1.48 1.97 3.81 8.04 1.69 45.87 -1.58
Car 0.00 0 1.56 826.87 556.19 880.29 599.05 1.65 2.15 5.03 9.86 1.65 29.56 1.56
Car 0.00 0 1.73 764.49 345.84 1246.14 815.59 4.25 3.94 10.27 4.35 0.36 11.18 1.73
Car 0.00 0 1.56 785.31 546.10 817.15 577.16 1.99 1.77 4.44 11.21 1.44 44.32 1.56
Car 0.00 0 1.57 752.16 557.65 806.38 592.94 1.49 2.16 4.79 7.12 1.71 32.36 1.57