Car 0.00 0 1.56 646.57 568.86 722.35 628.57 1.49 2.16 4.79 1.48 1.78 20.70 1.56
Car 0.00 0 1.57 632.03 599.82 727.28 702.80 1.38 1.48 2.21 0.70 1.83 11.07 1.57
Motorcycle 0.00 0 1.59 984.08 629.78 1279.00 949.35 1.65 0.77 2.35 3.73 1.71 5.16 1.59
Car 0.00 0 0.02 922.21 528.08 1043.29 573.49 3.46 2.89 7.94 26.87 0.82 50.47 0.02
Car 0.00 0 1.56 682.98 550.58 703.00 568.56 1.55 1.79 3.71 4.91 1.78 59.20 1.56
Car 0.00 0 1.16 703.52 553.81 725.09 575.34 1.53 0.87 2.19 5.60 1.83 48.11 1.16
Car 0.00 0 0.40 823.43 553.16 890.78 573.40 1.49 1.84 4.89 17.07 1.81 50.35 0.40
Cyclist 0.00 0 1.57 774.83 566.07 808.28 617.95 1.61 0.87 1.51 5.06 1.71 21.45 1.57
Car 0.00 0 -0.55 706.65 551.09 773.45 571.43 1.57 1.80 5.37 8.44 1.77 54.27 -0.55
Car 0.00 0 -1.58 277.66 576.44 467.12 666.13 1.51 2.13 4.90 -6.05 1.76 15.29 -1.58
Car 0.00 0 1.56 740.58 560.58 799.85 602.47 1.54 2.04 4.97 5.68 1.77 28.52 1.56
Car 0.00 0 1.56 779.30 575.11 946.09 688.37 1.65 2.15 5.03 4.36 1.71 13.51 1.56
Car 0.00 0 1.56 676.45 548.17 705.56 581.71 1.99 1.77 4.44 3.31 1.55 41.34 1.56
Car 0.00 0 1.56 662.41 561.16 714.03 600.50 1.49 2.16 4.79 2.24 1.79 29.28 1.56