Car 0.00 0 1.56 611.61 574.02 707.16 651.29 1.49 2.16 4.79 0.54 1.77 16.89 1.56
Car 0.00 0 1.57 603.91 606.98 713.13 725.65 1.38 1.48 2.21 0.28 1.83 9.79 1.57
Car 0.00 0 0.02 907.19 527.03 1033.62 574.88 3.46 2.89 7.94 24.53 0.79 47.80 0.02
Car 0.00 0 1.16 677.01 554.49 700.11 577.89 1.53 0.87 2.19 3.39 1.80 44.46 1.16
Car 0.00 0 0.40 804.48 553.47 875.19 575.44 1.49 1.84 4.89 14.75 1.78 47.23 0.40
Cyclist 0.00 0 1.57 766.45 570.72 808.67 634.05 1.61 0.87 1.51 4.08 1.70 17.80 1.57
Car 0.00 0 -0.55 679.86 551.43 751.02 573.24 1.57 1.80 5.37 5.94 1.73 50.74 -0.55
Car 0.00 0 0.00 1076.89 552.47 1109.85 574.36 1.59 0.87 1.82 33.59 1.73 47.44 0.00
Car 0.00 0 1.56 720.79 562.88 791.45 612.01 1.54 2.04 4.97 4.38 1.75 24.89 1.56
Car 0.00 0 1.56 783.28 585.08 1055.24 761.61 1.65 2.15 5.03 3.75 1.70 9.84 1.56
Car 0.00 0 1.56 647.89 548.55 680.02 585.60 1.99 1.77 4.44 1.42 1.53 37.60 1.56
Car 0.00 0 1.56 632.14 563.58 692.04 609.76 1.49 2.16 4.79 0.90 1.77 25.52 1.56
Car 0.00 0 -2.54 684.09 551.19 729.68 569.42 1.50 1.85 3.63 5.89 1.76 56.30 -2.54