Car 0.00 0 1.56 597.23 577.63 708.02 668.64 1.49 2.16 4.79 0.31 1.76 14.89 1.56
Car 0.00 0 1.57 581.96 620.96 723.96 781.41 1.38 1.48 2.21 0.15 1.82 7.78 1.57
Car 0.00 0 0.02 908.18 526.24 1039.22 575.84 3.46 2.89 7.94 23.90 0.77 46.12 0.02
Car 0.00 0 1.16 669.93 554.82 694.00 579.37 1.53 0.87 2.19 2.80 1.78 42.50 1.16
Car 0.00 0 0.40 802.39 553.67 875.61 576.61 1.49 1.84 4.89 14.12 1.75 45.42 0.40
Cyclist 0.00 0 1.57 771.86 574.00 820.83 645.82 1.61 0.87 1.51 3.84 1.69 15.85 1.57
Cyclist 0.00 0 0.01 1152.59 552.19 1183.73 575.17 1.61 0.87 1.51 37.79 1.69 45.81 0.01
Car 0.00 0 -0.55 672.68 551.55 746.62 574.28 1.57 1.80 5.37 5.27 1.71 48.81 -0.55
Car 0.00 0 0.00 1083.00 552.58 1117.14 575.23 1.59 0.87 1.82 32.97 1.71 45.87 0.00
Car 0.00 0 1.56 717.90 564.31 796.52 618.49 1.54 2.04 4.97 4.05 1.74 22.95 1.56
Car 0.00 0 1.56 800.20 593.23 1194.31 841.67 1.65 2.15 5.03 3.62 1.69 7.88 1.56
Car 0.00 0 1.56 639.43 548.68 673.45 587.98 1.99 1.77 4.44 0.92 1.51 35.61 1.56
Car 0.00 0 1.56 622.17 565.07 687.65 615.92 1.49 2.16 4.79 0.56 1.76 23.55 1.56
Car 0.00 0 -2.47 667.14 551.38 714.28 570.67 1.50 1.85 3.63 4.26 1.73 53.63 -2.47