Car 0.00 0 1.56 654.19 565.64 725.72 621.98 1.49 2.16 4.79 1.76 1.72 21.80 1.56
Car 0.00 0 1.58 634.89 596.36 726.84 695.42 1.38 1.48 2.21 0.75 1.80 11.43 1.58
Motorcycle 0.00 0 1.59 896.28 602.00 1046.29 785.23 1.65 0.77 2.35 3.88 1.69 7.77 1.59
Car 0.00 0 0.02 922.86 526.78 1039.04 570.32 3.46 2.89 7.94 27.88 0.68 52.63 0.02
Car 0.00 0 1.56 692.10 548.93 712.73 567.71 1.55 1.79 3.71 5.64 1.62 57.58 1.56
Car 0.00 0 1.16 712.44 551.33 733.09 571.70 1.53 0.87 2.19 6.57 1.69 50.68 1.16
Car 0.00 0 0.44 822.03 550.61 886.07 570.42 1.49 1.84 4.89 17.59 1.66 52.59 0.44
Cyclist 0.00 0 1.57 773.02 561.58 801.90 607.56 1.61 0.87 1.51 5.52 1.65 24.03 1.57
Car 0.00 0 -0.55 715.89 548.81 779.80 568.19 1.57 1.80 5.37 9.52 1.61 56.78 -0.55
Car 0.00 0 -1.58 430.84 564.12 538.80 619.70 1.51 2.13 4.90 -5.23 1.70 22.38 -1.58
Car 0.00 0 1.56 745.10 557.23 797.79 595.10 1.54 2.04 4.97 6.28 1.68 31.09 1.56
Car 0.00 0 -1.55 62.30 614.43 477.18 874.91 1.48 1.97 3.81 -3.31 1.75 6.74 -1.55
Car 0.00 0 1.56 772.15 568.48 899.92 658.27 1.65 2.15 5.03 4.67 1.66 16.11 1.56
Car 0.00 0 1.56 686.38 546.09 713.70 577.02 1.99 1.77 4.44 4.15 1.42 43.96 1.56
Car 0.00 0 1.56 672.64 557.76 719.70 593.32 1.49 2.16 4.79 2.85 1.70 31.92 1.56