Car 0.00 0 1.56 622.09 570.65 707.25 638.70 1.49 2.16 4.79 0.75 1.76 18.66 1.56
Car 0.00 0 1.57 614.93 599.50 710.39 701.87 1.38 1.48 2.21 0.40 1.82 11.04 1.57
Motorcycle 0.00 0 1.59 1104.91 668.73 1279.00 1079.00 1.65 0.77 2.35 3.54 1.71 3.21 1.59
Car 0.00 0 0.02 906.29 526.91 1028.84 573.29 3.46 2.89 7.94 25.09 0.75 49.30 0.02
Car 0.00 0 1.16 682.81 553.45 705.12 575.92 1.53 0.87 2.19 3.91 1.76 46.20 1.16
Car 0.00 0 0.40 806.18 552.54 874.80 573.69 1.49 1.84 4.89 15.30 1.74 48.84 0.40
Cyclist 0.00 0 1.57 762.96 567.59 800.49 624.88 1.61 0.87 1.51 4.30 1.68 19.54 1.57
Car 0.00 0 -0.55 685.77 550.56 754.63 571.61 1.57 1.80 5.37 6.53 1.69 52.45 -0.55
Car 0.00 0 0.00 1071.62 551.60 1103.56 572.85 1.59 0.87 1.82 34.15 1.69 48.84 0.00
Car 0.00 0 -1.58 0.00 596.12 317.37 796.60 1.51 2.13 4.90 -6.81 1.74 8.75 -1.58
Car 0.00 0 1.56 723.24 561.01 787.94 606.36 1.54 2.04 4.97 4.68 1.73 26.62 1.56
Car 0.00 0 1.56 772.98 579.02 983.25 718.65 1.65 2.15 5.03 3.88 1.69 11.57 1.56
Car 0.00 0 1.56 654.76 547.67 685.37 582.93 1.99 1.77 4.44 1.86 1.49 39.36 1.56
Car 0.00 0 1.56 640.00 561.67 695.66 604.32 1.49 2.16 4.79 1.21 1.75 27.29 1.56
Car 0.00 0 -2.57 694.06 550.26 738.43 567.87 1.50 1.85 3.63 6.95 1.71 58.31 -2.57