Car 0.00 0 1.56 590.85 579.36 708.39 676.52 1.49 2.16 4.79 0.23 1.76 14.18 1.56
Car 0.00 0 1.57 570.84 628.27 729.93 810.41 1.38 1.48 2.21 0.11 1.82 7.07 1.57
Car 0.00 0 -1.62 567.65 554.25 616.85 587.46 1.65 2.15 5.03 -2.63 1.69 36.51 -1.62
Cyclist 0.00 0 -0.83 648.61 550.77 669.97 571.57 1.61 0.87 1.51 1.54 1.69 51.28 -0.83
Motorcycle 0.00 0 1.57 868.61 602.58 1018.87 781.84 1.65 0.77 2.35 3.60 1.71 7.87 1.57
Car 0.00 0 -2.87 687.82 551.45 740.37 569.38 1.47 1.82 4.19 6.47 1.77 56.02 -2.87
Car 0.00 0 -0.01 955.87 553.11 990.48 573.60 1.53 0.87 2.19 25.51 1.78 49.02 -0.01
Cyclist 0.00 0 1.56 734.00 563.58 763.89 611.09 1.61 0.87 1.51 3.94 1.69 23.25 1.56
Car 0.00 0 -0.01 1017.70 552.70 1110.61 576.06 1.57 1.80 5.37 30.04 1.71 45.43 -0.01
Car 0.00 0 0.16 842.31 553.28 923.09 576.41 1.54 2.04 4.97 17.12 1.74 45.26 0.16
Car 0.00 0 -1.60 501.54 557.84 521.83 593.36 1.62 0.58 1.66 -6.21 1.70 31.03 -1.60
Car 0.00 0 1.56 734.34 569.71 864.97 658.28 1.65 2.15 5.03 3.77 1.69 16.17 1.56
Car 0.00 0 1.56 639.02 547.58 668.26 581.39 1.99 1.77 4.44 0.88 1.51 41.08 1.56
Car 0.00 0 1.56 617.98 565.84 685.69 618.57 1.49 2.16 4.79 0.43 1.76 22.85 1.56