Car 0.00 0 1.56 590.85 579.36 708.39 676.52 1.49 2.16 4.79 0.23 1.76 14.18 1.56
Car 0.00 0 1.57 570.84 628.27 729.93 810.41 1.38 1.48 2.21 0.11 1.82 7.07 1.57
Car 0.00 0 -2.56 665.89 549.93 728.91 571.14 1.65 2.15 5.03 4.86 1.69 53.95 -2.56
Motorcycle 0.00 0 1.57 868.70 602.23 1018.89 782.21 1.65 0.77 2.35 3.60 1.71 7.87 1.57
Car 0.00 0 0.50 739.08 553.24 770.17 574.74 1.53 0.87 2.19 8.59 1.78 47.92 0.50
Car 0.00 0 0.01 1019.84 553.85 1106.19 576.18 1.49 1.84 4.89 29.94 1.76 45.39 0.01
Cyclist 0.00 0 1.56 734.01 563.58 763.92 611.10 1.61 0.87 1.51 3.94 1.69 23.24 1.56
Car 0.00 0 -0.02 855.77 552.62 941.34 575.91 1.57 1.80 5.37 18.38 1.71 45.67 -0.02
Car 0.00 0 0.98 729.31 554.22 791.30 582.24 1.54 2.04 4.97 7.73 1.74 40.76 0.98
Car 0.00 0 -2.17 596.69 551.31 616.26 573.53 1.62 0.58 1.66 -2.56 1.70 49.04 -2.17
Car 0.00 0 1.56 734.34 569.71 864.97 658.28 1.65 2.15 5.03 3.77 1.69 16.17 1.56
Car 0.00 0 1.56 637.04 548.40 669.77 586.31 1.99 1.77 4.44 0.78 1.51 36.93 1.56
Car 0.00 0 1.56 617.98 565.84 685.69 618.59 1.49 2.16 4.79 0.43 1.76 22.85 1.56
Car 0.00 0 -1.58 118.65 609.66 463.54 836.25 1.50 1.85 3.63 -3.45 1.74 7.22 -1.58