Car 0.00 0 1.56 590.85 579.36 708.39 676.52 1.49 2.16 4.79 0.23 1.76 14.18 1.56
Car 0.00 0 1.57 570.84 628.27 729.93 810.41 1.38 1.48 2.21 0.11 1.82 7.07 1.57
Car 0.00 0 -0.00 993.00 526.05 1132.19 576.48 3.46 2.89 7.94 29.84 0.78 45.44 -0.00
Car 0.00 0 1.16 666.95 555.14 691.40 580.13 1.53 0.87 2.19 2.57 1.78 41.79 1.16
Car 0.00 0 0.21 830.78 553.84 908.30 576.68 1.49 1.84 4.89 16.18 1.76 45.19 0.21
Cyclist 0.00 0 1.56 764.96 573.19 811.27 641.38 1.61 0.87 1.51 3.79 1.69 16.48 1.56
Car 0.00 0 -0.55 669.94 551.77 744.98 574.89 1.57 1.80 5.37 5.03 1.71 48.11 -0.55
Car 0.00 0 1.56 707.51 561.26 772.61 606.85 1.54 2.04 4.97 4.03 1.74 26.59 1.56
Car 0.00 0 -3.09 793.80 549.92 814.18 568.39 1.62 0.58 1.66 14.62 1.70 57.07 -3.09
Car 0.00 0 1.56 806.76 596.62 1263.17 881.56 1.65 2.15 5.03 3.58 1.69 7.26 1.56
Car 0.00 0 1.56 635.89 548.92 670.66 589.10 1.99 1.77 4.44 0.73 1.51 34.90 1.56
Car 0.00 0 1.56 617.96 565.85 685.70 618.61 1.49 2.16 4.79 0.43 1.76 22.84 1.56
Car 0.00 0 -1.59 549.84 560.54 601.34 598.59 1.50 1.85 3.63 -2.85 1.74 29.03 -1.59