Car 0.00 0 1.56 590.85 579.36 708.39 676.52 1.49 2.16 4.79 0.23 1.76 14.18 1.56
Car 0.00 0 1.57 570.84 628.27 729.93 810.41 1.38 1.48 2.21 0.11 1.82 7.07 1.57
Car 0.00 0 -0.00 1021.69 525.99 1163.07 576.63 3.46 2.89 7.94 31.92 0.77 45.40 -0.00
Car 0.00 0 1.16 666.95 555.14 691.40 580.13 1.53 0.87 2.19 2.57 1.78 41.79 1.16
Car 0.00 0 0.10 859.37 553.82 938.58 576.40 1.49 1.84 4.89 18.30 1.76 45.33 0.10
Cyclist 0.00 0 1.56 755.07 569.93 795.59 631.65 1.61 0.87 1.51 3.82 1.69 18.19 1.56
Car 0.00 0 -0.51 678.25 551.84 754.40 575.09 1.57 1.80 5.37 5.67 1.71 47.79 -0.51
Car 0.00 0 1.55 704.28 559.59 761.10 600.23 1.54 2.04 4.97 4.11 1.74 29.17 1.55
Car 0.00 0 -3.09 766.76 549.91 786.98 568.46 1.62 0.58 1.66 12.18 1.70 56.98 -3.09
Car 0.00 0 1.57 791.50 590.97 1151.77 819.17 1.65 2.15 5.03 3.60 1.69 8.32 1.57
Car 0.00 0 1.56 635.89 548.92 670.66 589.10 1.99 1.77 4.44 0.73 1.51 34.90 1.56
Car 0.00 0 1.56 617.97 565.85 685.70 618.60 1.49 2.16 4.79 0.43 1.76 22.84 1.56
Car 0.00 0 -1.59 535.62 562.66 594.39 606.32 1.50 1.85 3.63 -2.95 1.74 25.91 -1.59