Car 0.00 0 1.56 590.85 579.36 708.39 676.52 1.49 2.16 4.79 0.23 1.76 14.18 1.56
Car 0.00 0 1.57 570.84 628.27 729.93 810.41 1.38 1.48 2.21 0.11 1.82 7.07 1.57
Car 0.00 0 -0.00 1027.20 525.74 1169.17 576.82 3.46 2.89 7.94 32.33 0.77 45.39 -0.00
Car 0.00 0 1.16 666.95 555.14 691.40 580.13 1.53 0.87 2.19 2.57 1.78 41.79 1.16
Car 0.00 0 0.07 877.69 553.98 957.55 576.10 1.49 1.84 4.89 19.64 1.76 45.39 0.07
Cyclist 0.00 0 1.56 750.27 568.43 788.14 626.91 1.61 0.87 1.51 3.84 1.69 19.15 1.56
Car 0.00 0 -0.46 687.45 551.92 764.43 575.25 1.57 1.80 5.37 6.35 1.71 47.50 -0.46
Car 0.00 0 1.53 704.08 558.70 756.54 597.74 1.54 2.04 4.97 4.19 1.74 30.44 1.53
Car 0.00 0 -3.04 752.39 549.89 772.53 568.56 1.62 0.58 1.66 10.88 1.70 56.88 -3.04
Car 0.00 0 1.56 778.69 586.09 1070.14 773.75 1.65 2.15 5.03 3.62 1.69 9.45 1.56
Car 0.00 0 1.56 635.89 548.92 670.66 589.10 1.99 1.77 4.44 0.73 1.51 34.90 1.56
Car 0.00 0 1.56 617.97 565.85 685.69 618.60 1.49 2.16 4.79 0.43 1.76 22.84 1.56
Car 0.00 0 -1.59 528.63 563.93 591.13 610.00 1.50 1.85 3.63 -2.99 1.74 24.61 -1.59