Car 0.00 0 1.56 590.85 579.36 708.39 676.52 1.49 2.16 4.79 0.23 1.76 14.18 1.56
Car 0.00 0 1.57 570.84 628.27 729.93 810.41 1.38 1.48 2.21 0.11 1.82 7.07 1.57
Car 0.00 0 -0.00 998.28 526.01 1137.90 576.48 3.46 2.89 7.94 30.22 0.78 45.43 -0.00
Car 0.00 0 1.16 666.95 555.14 691.40 580.13 1.53 0.87 2.19 2.57 1.78 41.79 1.16
Car 0.00 0 0.18 835.46 553.95 913.31 576.47 1.49 1.84 4.89 16.53 1.76 45.22 0.18
Cyclist 0.00 0 1.56 763.45 572.52 808.77 640.01 1.61 0.87 1.51 3.79 1.69 16.72 1.56
Car 0.00 0 -0.55 670.46 551.76 745.59 574.91 1.57 1.80 5.37 5.07 1.71 48.09 -0.55
Car 0.00 0 1.56 706.72 561.05 770.47 605.40 1.54 2.04 4.97 4.04 1.74 27.03 1.56
Car 0.00 0 -3.09 789.55 549.91 809.92 568.41 1.62 0.58 1.66 14.24 1.70 57.05 -3.09
Car 0.00 0 1.56 805.39 596.09 1252.70 875.68 1.65 2.15 5.03 3.58 1.69 7.34 1.56
Car 0.00 0 1.56 635.89 548.92 670.66 589.10 1.99 1.77 4.44 0.73 1.51 34.90 1.56
Car 0.00 0 1.56 617.97 565.85 685.70 618.60 1.49 2.16 4.79 0.43 1.76 22.84 1.56
Car 0.00 0 -1.59 547.31 560.87 600.11 599.96 1.50 1.85 3.63 -2.87 1.74 28.43 -1.59