Car 0.00 0 1.56 590.85 579.36 708.39 676.52 1.49 2.16 4.79 0.23 1.76 14.18 1.56
Car 0.00 0 1.57 570.84 628.27 729.93 810.41 1.38 1.48 2.21 0.11 1.82 7.07 1.57
Car 0.00 0 -1.59 531.32 559.12 600.13 606.71 1.65 2.15 5.03 -2.96 1.69 26.67 -1.59
Cyclist 0.00 0 -0.39 721.50 551.82 744.48 574.02 1.61 0.87 1.51 6.91 1.69 47.54 -0.39
Motorcycle 0.00 0 1.57 868.61 602.58 1018.87 781.84 1.65 0.77 2.35 3.60 1.71 7.87 1.57
Car 0.00 0 -2.61 638.91 551.88 692.59 570.71 1.47 1.82 4.19 2.18 1.77 53.92 -2.61
Car 0.00 0 -0.00 1054.04 553.19 1090.52 573.66 1.53 0.87 2.19 33.00 1.78 48.88 -0.00
Cyclist 0.00 0 1.56 733.99 563.57 763.89 611.08 1.61 0.87 1.51 3.94 1.69 23.25 1.56
Car 0.00 0 -0.00 1097.49 552.67 1194.02 576.25 1.57 1.80 5.37 35.75 1.72 45.33 -0.00
Car 0.00 0 0.05 931.25 552.99 1016.25 576.83 1.54 2.04 4.97 23.62 1.75 45.41 0.05
Car 0.00 0 -1.59 419.90 566.16 455.22 620.41 1.62 0.58 1.66 -6.58 1.70 20.88 -1.59
Car 0.00 0 1.56 734.34 569.71 864.97 658.28 1.65 2.15 5.03 3.77 1.69 16.17 1.56
Car 0.00 0 1.56 640.16 547.23 667.40 578.37 1.99 1.77 4.44 0.95 1.51 43.93 1.56
Car 0.00 0 1.56 617.98 565.84 685.68 618.57 1.49 2.16 4.79 0.43 1.76 22.85 1.56