Car 0.00 0 1.30 623.55 568.40 719.30 628.35 1.49 2.16 4.79 1.18 1.78 20.90 1.30
Car 0.00 0 1.56 591.86 601.44 689.51 706.31 1.38 1.48 2.21 0.01 1.83 10.81 1.56
Cyclist 0.00 0 -0.03 1014.01 561.53 1063.29 601.66 1.61 0.87 1.51 16.57 1.72 26.64 -0.03
Motorcycle 0.00 0 1.56 914.17 618.19 1144.16 868.82 1.65 0.77 2.35 3.50 1.71 6.11 1.56
Car 0.00 0 -0.17 845.64 563.27 900.39 601.27 1.52 0.80 2.04 9.76 1.76 26.86 -0.17
Cyclist 0.00 0 0.92 828.45 566.05 869.32 618.42 1.61 0.87 1.51 7.00 1.71 21.41 0.92
Car 0.00 0 3.13 1015.11 559.14 1107.67 584.10 1.39 1.99 4.18 24.95 1.86 38.00 3.13
Car 0.00 0 0.02 1161.81 563.18 1279.00 604.00 1.54 2.04 4.97 24.84 1.77 26.43 0.02
Car 0.00 0 1.45 757.50 573.46 896.38 678.53 1.65 2.15 5.03 3.90 1.71 14.31 1.45
Car 0.00 0 3.14 1122.61 523.92 1279.00 584.44 3.46 2.89 7.94 33.77 0.81 38.08 3.14
Car 0.00 0 0.03 908.40 561.65 1034.59 596.52 1.49 2.16 4.79 15.39 1.79 29.89 0.03