Car 0.00 0 1.75 709.03 565.96 793.40 620.61 1.49 2.16 4.79 4.04 1.76 22.53 1.75
Car 0.00 0 1.94 578.83 595.29 778.82 777.38 1.49 2.16 4.79 0.73 1.76 9.29 1.94
Car 0.00 0 1.86 688.66 581.84 756.22 648.97 1.38 1.48 2.21 2.11 1.82 16.01 1.86
Motorcycle 0.00 0 1.59 874.84 556.55 896.91 590.87 1.65 0.77 2.35 12.70 1.71 33.02 1.59
Car 0.00 0 1.56 861.08 551.37 892.94 572.88 1.55 1.79 3.71 18.94 1.73 51.05 1.56
Car 0.00 0 -1.31 350.82 572.92 526.42 653.30 1.51 2.13 4.90 -4.98 1.75 16.76 -1.31
Car 0.00 0 1.56 849.51 554.17 868.63 577.23 1.53 0.87 2.19 15.38 1.78 44.89 1.56
Cyclist 0.00 0 1.56 913.70 551.78 928.87 574.51 1.61 0.87 1.51 20.74 1.69 47.18 1.56
Car 0.00 0 1.56 914.53 551.09 947.50 571.68 1.54 2.04 4.97 24.30 1.74 53.34 1.56
Car 0.00 0 -1.58 757.44 554.25 798.66 572.64 1.30 1.89 4.72 11.20 1.86 51.67 -1.58
Car 0.00 0 1.56 881.74 552.91 929.39 582.86 1.65 2.15 5.03 16.80 1.69 40.33 1.56
Car 0.00 0 1.86 768.48 425.80 1031.62 702.50 4.25 3.94 10.27 5.21 0.38 15.28 1.86
Car 0.00 0 1.58 812.60 548.06 858.63 584.08 1.99 1.77 4.44 11.90 1.51 38.74 1.58
Car 0.00 0 1.63 761.98 559.57 829.15 597.10 1.49 2.16 4.79 7.56 1.76 30.74 1.63