Car 0.00 0 1.56 743.05 558.50 792.35 592.45 1.49 2.16 4.79 6.71 1.77 33.25 1.56
Car 0.00 0 1.65 633.79 582.99 768.21 699.06 1.49 2.16 4.79 1.39 1.77 12.67 1.65
Car 0.00 0 1.57 727.62 569.29 773.51 612.10 1.38 1.48 2.21 4.11 1.83 23.63 1.57
Motorcycle 0.00 0 1.59 844.57 570.37 882.36 639.33 1.65 0.77 2.35 6.09 1.71 17.56 1.59
Car 0.00 0 -1.43 0.00 544.55 336.07 927.28 2.43 2.35 6.37 -6.51 1.29 7.44 -1.43
Cyclist 0.00 0 1.57 830.00 556.78 848.70 589.40 1.61 0.87 1.51 10.37 1.70 33.34 1.57
Car 0.00 0 -1.58 567.74 559.82 644.43 598.60 1.51 2.13 4.90 -1.47 1.76 30.03 -1.58
Car 0.00 0 1.56 818.62 554.71 854.86 583.02 1.54 2.04 4.97 12.27 1.75 40.17 1.56
Car 0.00 0 -1.52 467.17 581.18 615.00 674.68 1.48 1.97 3.81 -1.97 1.77 13.98 -1.52
Car 0.00 0 1.56 817.57 559.81 880.09 610.48 1.65 2.15 5.03 8.24 1.70 25.65 1.56
Car 0.00 0 1.73 763.18 0.00 1279.00 1079.00 4.25 3.94 10.27 3.81 0.38 6.99 1.73
Car 0.00 0 1.56 775.07 546.15 799.44 571.79 1.99 1.77 4.44 12.28 1.53 53.22 1.56
Car 0.00 0 1.56 758.77 555.00 797.29 581.41 1.49 2.16 4.79 9.02 1.78 41.55 1.56