Car 0.00 0 1.56 697.84 561.29 752.97 603.01 1.49 2.16 4.79 3.83 1.76 27.98 1.56
Car 0.00 0 1.60 617.23 584.89 761.22 709.29 1.49 2.16 4.79 1.06 1.76 12.00 1.60
Car 0.00 0 1.57 693.69 572.52 742.50 621.29 1.38 1.48 2.21 2.60 1.82 20.98 1.57
Motorcycle 0.00 0 1.59 849.99 581.84 919.32 686.03 1.65 0.77 2.35 4.63 1.71 12.30 1.59
Car 0.00 0 1.16 752.11 551.51 771.64 570.23 1.53 0.87 2.19 10.46 1.77 54.89 1.16
Cyclist 0.00 0 1.57 796.93 559.29 820.17 597.85 1.61 0.87 1.51 7.46 1.69 28.39 1.57
Car 0.00 0 -1.56 239.47 578.39 466.25 682.02 1.51 2.13 4.90 -5.83 1.75 13.87 -1.56
Car 0.00 0 1.56 777.76 556.24 821.68 588.93 1.54 2.04 4.97 8.74 1.73 35.38 1.56
Car 0.00 0 1.56 789.48 563.84 877.90 630.04 1.65 2.15 5.03 6.04 1.69 20.55 1.56
Car 0.00 0 1.73 773.26 225.89 1279.00 990.79 4.25 3.94 10.27 3.32 0.38 1.56 1.73
Car 0.00 0 1.56 726.87 546.43 752.21 574.74 1.99 1.77 4.44 7.56 1.50 48.37 1.56
Car 0.00 0 1.56 712.43 556.63 753.87 587.21 1.49 2.16 4.79 5.38 1.76 36.48 1.56