Car 0.00 0 1.56 700.51 561.29 755.15 602.42 1.49 2.16 4.79 3.98 1.77 28.32 1.56
Car 0.00 0 1.60 618.26 584.94 761.45 708.71 1.49 2.16 4.79 1.08 1.77 12.05 1.60
Car 0.00 0 1.57 696.24 572.35 744.38 620.04 1.38 1.48 2.21 2.71 1.83 21.33 1.57
Motorcycle 0.00 0 1.59 848.38 581.05 914.65 681.94 1.65 0.77 2.35 4.70 1.71 12.64 1.59
Car 0.00 0 1.16 754.83 551.69 774.29 570.30 1.53 0.87 2.19 10.75 1.79 55.20 1.16
Cyclist 0.00 0 1.57 798.62 559.32 821.52 597.43 1.61 0.87 1.51 7.62 1.70 28.72 1.57
Car 0.00 0 -1.57 281.64 576.35 484.33 670.21 1.51 2.13 4.90 -5.64 1.75 14.92 -1.57
Car 0.00 0 1.56 780.00 556.35 823.36 588.71 1.54 2.04 4.97 8.93 1.75 35.70 1.56
Car 0.00 0 1.56 790.81 563.74 877.09 628.66 1.65 2.15 5.03 6.15 1.70 20.88 1.56
Car 0.00 0 1.73 770.35 190.38 1279.00 1040.87 4.25 3.94 10.27 3.33 0.38 1.90 1.73
Car 0.00 0 1.56 729.64 546.64 754.88 574.74 1.99 1.77 4.44 7.82 1.52 48.69 1.56
Car 0.00 0 1.56 715.12 556.73 756.31 586.99 1.49 2.16 4.79 5.58 1.77 36.82 1.56