Car 0.00 0 1.56 690.39 562.98 749.43 608.54 1.49 2.16 4.79 3.33 1.77 25.98 1.56
Car 0.00 0 1.59 620.53 585.63 767.25 712.37 1.49 2.16 4.79 1.11 1.77 11.83 1.59
Car 0.00 0 1.57 687.00 575.87 740.38 630.79 1.38 1.48 2.21 2.22 1.82 18.95 1.57
Motorcycle 0.00 0 1.59 872.58 589.24 965.94 718.03 1.65 0.77 2.35 4.41 1.71 10.31 1.59
Car 0.00 0 1.16 744.46 552.09 764.50 571.52 1.53 0.87 2.19 9.49 1.79 53.00 1.16
Car 0.00 0 0.40 856.61 551.68 920.47 570.36 1.49 1.84 4.89 21.10 1.76 54.38 0.40
Cyclist 0.00 0 1.57 795.89 560.84 821.46 602.39 1.61 0.87 1.51 6.96 1.69 26.46 1.57
Car 0.00 0 -1.53 0.00 598.00 334.09 812.70 1.51 2.13 4.90 -6.47 1.75 8.43 -1.53
Car 0.00 0 1.56 773.14 557.29 820.81 592.13 1.54 2.04 4.97 8.11 1.74 33.46 1.56
Car 0.00 0 1.56 790.85 566.23 894.07 641.23 1.65 2.15 5.03 5.67 1.70 18.59 1.56
Car 0.00 0 1.56 718.87 546.87 744.87 576.44 1.99 1.77 4.44 6.71 1.52 46.43 1.56
Car 0.00 0 1.56 704.86 557.69 748.29 590.26 1.49 2.16 4.79 4.73 1.77 34.52 1.56