Car 0.00 0 1.56 659.77 565.32 726.18 617.18 1.49 2.16 4.79 1.99 1.76 23.29 1.56
Car 0.00 0 1.58 569.38 595.80 772.04 778.15 1.49 2.16 4.79 0.52 1.76 9.22 1.58
Car 0.00 0 1.57 656.84 581.50 719.68 647.00 1.38 1.48 2.21 1.25 1.82 16.22 1.57
Motorcycle 0.00 0 1.59 898.69 603.63 1050.50 789.03 1.65 0.77 2.35 3.88 1.71 7.70 1.59
Car 0.00 0 1.16 714.76 552.57 735.45 572.98 1.53 0.87 2.19 6.74 1.78 50.60 1.16
Car 0.00 0 0.34 835.23 551.87 901.09 571.44 1.49 1.84 4.89 18.75 1.76 52.64 0.34
Cyclist 0.00 0 1.56 774.93 563.03 803.08 608.12 1.61 0.87 1.51 5.61 1.69 24.16 1.56
Car 0.00 0 -0.55 718.25 550.05 782.29 569.46 1.57 1.80 5.37 9.72 1.71 56.69 -0.55
Car 0.00 0 1.56 745.77 557.89 795.45 593.05 1.54 2.04 4.97 6.55 1.74 32.61 1.56
Car 0.00 0 1.56 774.24 569.79 902.54 660.13 1.65 2.15 5.03 4.71 1.69 16.04 1.56
Car 0.00 0 1.56 688.58 547.17 715.96 578.55 1.99 1.77 4.44 4.30 1.51 43.89 1.56
Car 0.00 0 1.56 674.73 558.98 721.81 594.58 1.49 2.16 4.79 2.95 1.76 31.91 1.56
Car 0.00 0 -1.60 631.86 554.55 666.38 580.02 1.50 1.85 3.63 0.64 1.74 41.71 -1.60