Car 0.00 0 1.56 670.54 560.81 723.00 600.88 1.49 2.16 4.79 2.61 1.76 28.87 1.56
Car 0.00 0 1.58 569.38 595.80 772.04 778.15 1.49 2.16 4.79 0.52 1.76 9.22 1.58
Car 0.00 0 1.57 660.99 578.08 718.41 637.89 1.38 1.48 2.21 1.40 1.82 17.66 1.57
Cyclist 0.00 0 -0.03 893.57 550.52 915.40 570.29 1.61 0.87 1.51 22.02 1.69 53.29 -0.03
Motorcycle 0.00 0 1.56 794.27 569.13 835.09 634.26 1.65 0.77 2.35 4.97 1.71 18.35 1.56
Car 0.00 0 -0.17 807.49 551.30 832.71 569.75 1.52 0.80 2.04 15.27 1.73 54.28 -0.17
Cyclist 0.00 0 1.56 753.64 555.11 771.13 584.41 1.61 0.87 1.51 7.02 1.69 36.76 1.56
Car 0.00 0 -1.58 592.83 551.39 625.64 574.87 1.62 1.85 3.99 -2.27 1.70 48.14 -1.58
Car 0.00 0 1.56 749.23 557.92 810.94 602.89 1.65 2.15 5.03 6.07 1.69 28.29 1.56
Car 0.00 0 1.62 750.56 0.00 1279.00 1079.00 4.25 3.94 10.27 3.56 0.38 5.62 1.62
Car 0.00 0 1.55 682.55 555.37 719.58 582.89 1.49 2.16 4.79 3.86 1.76 39.94 1.55