Car 0.00 0 1.20 642.58 558.18 708.83 591.15 1.49 2.16 4.79 2.01 1.79 34.32 1.20
Car 0.00 0 1.56 581.23 581.57 705.64 684.70 1.49 2.16 4.79 0.08 1.77 13.53 1.56
Car 0.00 0 1.56 623.44 569.35 665.21 611.59 1.38 1.48 2.21 0.16 1.84 23.80 1.56
Cyclist 0.00 0 -0.03 904.57 555.06 935.87 582.56 1.61 0.87 1.51 16.83 1.72 38.46 -0.03
Motorcycle 0.00 0 1.56 746.50 569.74 789.21 634.95 1.65 0.77 2.35 3.62 1.72 18.29 1.56
Car 0.00 0 -0.17 787.72 556.31 823.69 582.30 1.52 0.80 2.04 10.01 1.76 38.74 -0.17
Car 0.00 0 0.00 1200.70 555.93 1246.28 579.94 1.53 0.87 2.19 38.09 1.82 41.79 0.00
Cyclist 0.00 0 0.92 764.60 557.08 792.48 589.78 1.61 0.87 1.51 7.22 1.72 33.30 0.92
Car 0.00 0 -0.00 1168.88 555.65 1279.00 583.36 1.57 1.80 5.37 35.06 1.75 38.28 -0.00
Car 0.00 0 3.13 932.40 554.73 999.25 573.51 1.39 1.99 4.18 25.28 1.86 49.77 3.13
Car 0.00 0 0.02 1009.00 556.31 1114.24 583.76 1.54 2.04 4.97 25.09 1.77 38.20 0.02
Car 0.00 0 1.45 712.29 559.77 771.00 608.81 1.65 2.15 5.03 4.06 1.71 26.23 1.45
Car 0.00 0 1.56 717.90 0.00 1279.00 1079.00 4.25 3.94 10.27 3.40 0.38 6.87 1.56
Car 0.00 0 0.01 864.27 555.74 951.65 580.02 1.49 2.16 4.79 17.41 1.80 41.75 0.01