Car 0.00 0 1.56 676.82 558.01 719.35 589.91 1.49 2.16 4.79 3.22 1.80 35.07 1.56
Car 0.00 0 1.58 604.78 585.84 750.13 710.82 1.49 2.16 4.79 0.77 1.78 11.92 1.58
Car 0.00 0 1.56 670.91 570.55 714.69 615.12 1.38 1.48 2.21 1.90 1.84 22.82 1.56
Cyclist 0.00 0 -0.03 892.62 551.21 914.56 571.07 1.61 0.87 1.51 21.84 1.74 53.05 -0.03
Motorcycle 0.00 0 1.56 779.12 564.97 810.77 617.52 1.65 0.77 2.35 5.35 1.73 22.22 1.56
Car 0.00 0 -0.17 806.21 551.99 831.54 570.54 1.52 0.80 2.04 15.09 1.78 54.01 -0.17
Cyclist 0.00 0 1.44 751.56 554.02 766.44 580.21 1.61 0.87 1.51 7.68 1.73 41.28 1.44
Car 0.00 0 -1.58 566.98 554.10 608.00 582.63 1.62 1.85 3.99 -3.25 1.74 40.31 -1.58
Car 0.00 0 1.56 743.11 556.35 795.06 594.40 1.65 2.15 5.03 6.48 1.73 32.63 1.56
Car 0.00 0 1.59 743.24 193.79 1279.00 1036.73 4.25 3.94 10.27 3.79 0.39 8.50 1.59
Car 0.00 0 1.40 688.26 553.82 728.07 576.80 1.49 2.16 4.79 5.06 1.81 46.95 1.40