Car 0.00 0 1.68 673.30 572.13 772.42 644.86 1.49 2.16 4.79 2.49 1.78 17.99 1.68
Car 0.00 0 1.80 634.99 607.30 745.39 729.65 1.38 1.48 2.21 0.82 1.83 9.69 1.80
Truck 0.00 0 -1.58 723.11 546.28 780.12 582.55 2.10 2.39 6.27 7.34 1.49 41.46 -1.58
Motorcycle 0.00 0 1.59 844.38 562.03 866.79 608.37 1.65 0.77 2.35 8.46 1.73 25.07 1.59
Car 0.00 0 -1.58 703.02 541.38 752.58 575.00 2.43 2.35 6.37 6.94 1.33 49.86 -1.58
Car 0.00 0 1.56 821.65 552.73 835.41 572.65 1.53 0.87 2.19 15.30 1.82 51.89 1.56
Truck 0.00 0 1.93 915.24 589.15 1279.00 1079.00 2.10 2.39 6.27 3.49 1.46 2.26 1.93
Cyclist 0.00 0 1.56 861.23 554.26 876.77 581.08 1.61 0.87 1.51 14.40 1.72 40.23 1.56
Car 0.00 0 1.56 856.32 553.03 888.16 576.86 1.54 2.04 4.97 17.04 1.77 46.83 1.56
Car 0.00 0 -1.39 223.57 589.66 454.07 690.36 1.30 1.89 4.72 -5.82 1.87 13.20 -1.39
Car 0.00 0 -1.58 778.19 551.56 806.95 569.54 1.48 1.97 3.81 13.69 1.81 57.29 -1.58
Car 0.00 0 1.56 837.41 556.09 886.27 593.95 1.65 2.15 5.03 11.47 1.72 32.88 1.56
Car 0.00 0 1.73 768.18 421.23 1042.92 711.65 4.25 3.94 10.27 5.04 0.39 14.81 1.73
Car 0.00 0 1.56 791.89 548.11 828.72 581.85 1.99 1.77 4.44 11.00 1.54 41.14 1.56
Car 0.00 0 1.58 746.93 560.59 809.67 599.52 1.49 2.16 4.79 6.53 1.79 29.82 1.58