Car 0.00 0 1.57 682.08 566.47 750.73 620.32 1.49 2.16 4.79 2.82 1.78 22.68 1.57
Car 0.00 0 1.60 655.43 593.51 739.39 683.99 1.38 1.48 2.21 1.16 1.83 12.42 1.60
Motorcycle 0.00 0 1.59 852.06 583.67 924.75 691.62 1.65 0.77 2.35 4.56 1.72 11.94 1.59
Car 0.00 0 -1.53 0.00 544.31 388.24 803.22 2.43 2.35 6.37 -6.45 1.30 9.41 -1.53
Car 0.00 0 1.56 730.26 550.61 751.09 569.22 1.55 1.79 3.71 9.19 1.78 58.23 1.56
Car 0.00 0 1.16 750.00 552.26 769.65 571.11 1.53 0.87 2.19 10.22 1.83 54.56 1.16
Car 0.00 0 0.50 847.50 551.93 908.34 570.32 1.49 1.84 4.89 20.65 1.81 55.55 0.50
Cyclist 0.00 0 1.56 796.03 560.25 819.31 599.42 1.61 0.87 1.51 7.32 1.72 27.98 1.56
Car 0.00 0 -1.58 557.70 558.46 622.17 593.39 1.51 2.13 4.90 -2.46 1.78 32.93 -1.58
Car 0.00 0 1.56 776.11 557.10 820.77 590.20 1.54 2.04 4.97 8.57 1.77 34.98 1.56
Car 0.00 0 -1.58 505.54 575.74 621.05 650.26 1.48 1.97 3.81 -1.84 1.78 16.65 -1.58
Car 0.00 0 1.56 788.64 564.90 879.29 632.54 1.65 2.15 5.03 5.93 1.71 20.20 1.56
Car 0.00 0 1.73 776.16 254.67 1279.00 947.43 4.25 3.94 10.27 3.29 0.38 1.19 1.73
Car 0.00 0 1.56 723.29 547.46 749.98 577.25 1.99 1.77 4.44 6.99 1.55 46.01 1.56
Car 0.00 0 1.56 708.89 557.94 751.94 589.83 1.49 2.16 4.79 5.03 1.80 35.12 1.56