Car 0.00 0 1.56 651.92 567.13 722.48 622.48 1.49 2.16 4.79 1.68 1.78 22.06 1.56
Car 0.00 0 1.58 634.27 596.60 724.24 693.97 1.38 1.48 2.21 0.73 1.83 11.66 1.58
Motorcycle 0.00 0 1.59 914.17 609.64 1093.80 819.80 1.65 0.77 2.35 3.81 1.71 7.00 1.59
Car 0.00 0 0.02 920.68 528.31 1038.01 572.33 3.46 2.89 7.94 27.44 0.82 52.06 0.02
Car 0.00 0 1.56 687.95 550.53 708.26 568.93 1.55 1.79 3.71 5.32 1.77 58.45 1.56
Car 0.00 0 1.16 708.19 553.24 729.09 573.93 1.53 0.87 2.19 6.15 1.82 49.93 1.16
Car 0.00 0 0.40 824.41 552.68 889.85 572.05 1.49 1.84 4.89 17.65 1.80 52.04 0.40
Cyclist 0.00 0 1.57 771.70 564.03 801.79 611.59 1.61 0.87 1.51 5.32 1.71 23.27 1.57
Car 0.00 0 -0.55 711.55 550.66 776.24 570.31 1.57 1.80 5.37 9.05 1.76 56.05 -0.55
Car 0.00 0 -1.58 389.45 568.78 517.03 632.68 1.51 2.13 4.90 -5.58 1.76 19.93 -1.58
Car 0.00 0 1.56 742.08 559.37 796.53 598.33 1.54 2.04 4.97 6.02 1.76 30.33 1.56
Car 0.00 0 -1.52 0.00 652.90 374.89 1079.00 1.48 1.97 3.81 -3.45 1.77 3.91 -1.52
Car 0.00 0 1.56 772.16 571.47 909.53 667.13 1.65 2.15 5.03 4.53 1.71 15.34 1.56
Car 0.00 0 1.56 681.85 547.85 709.67 579.60 1.99 1.77 4.44 3.79 1.54 43.19 1.56
Car 0.00 0 1.56 668.04 559.91 716.35 596.53 1.49 2.16 4.79 2.58 1.79 31.14 1.56