Car 0.00 0 1.57 690.63 565.65 768.67 625.48 1.49 2.16 4.79 3.06 1.70 20.93 1.57
Car 0.00 0 1.62 654.13 596.09 747.98 698.07 1.38 1.48 2.21 1.14 1.79 11.25 1.62
Truck 0.00 0 -1.49 100.06 560.47 564.44 852.71 2.10 2.39 6.27 -2.95 1.43 8.35 -1.49
Motorcycle 0.00 0 1.59 846.30 573.33 897.11 657.27 1.65 0.77 2.35 5.30 1.66 14.79 1.59
Car 0.00 0 -1.57 373.38 540.11 554.02 643.46 2.43 2.35 6.37 -4.71 1.23 18.56 -1.57
Car 0.00 0 1.26 771.85 549.35 789.63 567.62 1.53 0.87 2.19 12.31 1.60 55.95 1.26
Cyclist 0.00 0 1.56 815.00 555.89 835.63 591.47 1.61 0.87 1.51 8.87 1.59 30.67 1.56
Car 0.00 0 -1.59 627.06 552.17 674.58 578.30 1.51 2.13 4.90 0.79 1.61 42.24 -1.59
Car 0.00 0 1.56 799.59 553.34 839.81 583.85 1.54 2.04 4.97 10.47 1.62 37.60 1.56
Car 0.00 0 -1.58 619.58 561.25 686.09 604.53 1.48 1.97 3.81 0.61 1.68 26.13 -1.58
Car 0.00 0 1.56 804.70 559.58 879.24 617.42 1.65 2.15 5.03 7.09 1.62 22.97 1.56
Car 0.00 0 1.73 763.74 0.00 1279.00 1079.00 4.25 3.94 10.27 3.49 0.37 4.12 1.73
Car 0.00 0 1.56 748.23 544.89 776.02 574.70 1.99 1.77 4.44 8.77 1.36 45.76 1.56
Car 0.00 0 1.56 729.04 555.85 775.40 589.11 1.49 2.16 4.79 6.02 1.65 33.90 1.56