Car 0.00 0 1.57 689.87 566.39 758.88 619.51 1.49 2.16 4.79 3.14 1.79 22.95 1.57
Car 0.00 0 1.60 659.28 593.30 742.95 684.16 1.38 1.48 2.21 1.25 1.84 12.46 1.60
Truck 0.00 0 -1.44 0.00 589.02 383.58 1079.00 2.10 2.39 6.27 -3.49 1.46 2.23 -1.44
Motorcycle 0.00 0 1.59 846.29 579.73 906.66 674.35 1.65 0.77 2.35 4.87 1.72 13.35 1.59
Car 0.00 0 -1.54 145.38 543.68 466.38 709.95 2.43 2.35 6.37 -5.94 1.30 12.80 -1.54
Car 0.00 0 1.56 742.32 550.73 763.12 569.03 1.55 1.79 3.71 10.42 1.81 59.02 1.56
Car 0.00 0 1.16 761.78 552.20 781.18 570.67 1.53 0.87 2.19 11.48 1.85 55.83 1.16
Cyclist 0.00 0 1.56 803.56 559.60 825.43 596.90 1.61 0.87 1.51 7.98 1.73 29.33 1.56
Car 0.00 0 -1.58 585.25 557.11 642.84 588.76 1.51 2.13 4.90 -1.36 1.79 36.07 -1.58
Car 0.00 0 1.56 785.93 556.77 828.27 588.53 1.54 2.04 4.97 9.39 1.79 36.29 1.56
Car 0.00 0 -1.58 556.29 570.54 648.37 629.92 1.48 1.97 3.81 -1.06 1.79 20.04 -1.58
Car 0.00 0 1.56 794.70 563.74 876.71 626.15 1.65 2.15 5.03 6.43 1.72 21.57 1.56
Car 0.00 0 1.73 765.60 80.89 1279.00 1079.00 4.25 3.94 10.27 3.36 0.38 2.63 1.73
Car 0.00 0 1.56 734.49 547.56 761.30 577.22 1.99 1.77 4.44 7.88 1.57 46.47 1.56
Car 0.00 0 1.56 718.96 557.99 762.25 589.57 1.49 2.16 4.79 5.65 1.81 35.47 1.56