Car 0.00 0 1.58 690.52 567.82 770.02 628.27 1.49 2.16 4.79 3.05 1.76 20.73 1.58
Car 0.00 0 1.65 651.49 599.50 747.33 703.31 1.38 1.48 2.21 1.07 1.82 11.02 1.65
Truck 0.00 0 -1.52 296.19 558.02 599.38 748.90 2.10 2.39 6.27 -2.61 1.45 10.96 -1.52
Motorcycle 0.00 0 1.59 844.08 573.88 891.20 653.84 1.65 0.77 2.35 5.44 1.70 15.43 1.59
Car 0.00 0 -1.57 427.95 541.78 578.93 630.75 2.43 2.35 6.37 -4.15 1.28 21.00 -1.57
Car 0.00 0 1.32 773.15 551.10 789.76 569.89 1.53 0.87 2.19 12.33 1.77 55.74 1.32
Cyclist 0.00 0 1.56 817.47 557.47 837.50 592.34 1.61 0.87 1.51 9.15 1.68 31.28 1.56
Car 0.00 0 -1.59 639.71 553.24 684.17 577.99 1.51 2.13 4.90 1.60 1.74 44.64 -1.59
Car 0.00 0 1.56 803.06 555.04 842.28 585.02 1.54 2.04 4.97 10.82 1.73 38.19 1.56
Car 0.00 0 -1.58 635.92 561.40 696.28 600.72 1.48 1.97 3.81 1.23 1.76 28.40 -1.58
Car 0.00 0 1.56 806.54 560.98 877.86 617.00 1.65 2.15 5.03 7.30 1.69 23.59 1.56
Car 0.00 0 1.73 761.07 0.00 1279.00 1079.00 4.25 3.94 10.27 3.53 0.38 4.78 1.73
Car 0.00 0 1.56 751.57 546.81 779.83 577.04 1.99 1.77 4.44 8.96 1.50 45.39 1.56
Car 0.00 0 1.56 730.76 557.96 778.37 592.03 1.49 2.16 4.79 6.05 1.76 33.36 1.56