Car 0.00 0 1.57 692.30 566.32 768.93 624.94 1.49 2.16 4.79 3.14 1.73 21.27 1.57
Car 0.00 0 1.61 656.67 595.67 748.85 695.18 1.38 1.48 2.21 1.20 1.80 11.52 1.61
Truck 0.00 0 -1.48 12.45 562.88 553.60 903.13 2.10 2.39 6.27 -3.02 1.44 7.66 -1.48
Motorcycle 0.00 0 1.59 846.67 574.52 897.76 658.82 1.65 0.77 2.35 5.30 1.68 14.73 1.59
Car 0.00 0 -1.57 356.81 541.25 547.18 649.10 2.43 2.35 6.37 -4.84 1.26 17.93 -1.57
Car 0.00 0 1.22 773.17 550.30 791.47 568.61 1.53 0.87 2.19 12.52 1.69 56.24 1.22
Cyclist 0.00 0 1.56 814.96 557.00 835.62 592.64 1.61 0.87 1.51 8.85 1.64 30.62 1.56
Car 0.00 0 -1.59 623.68 553.54 672.34 580.17 1.51 2.13 4.90 0.60 1.68 41.46 -1.59
Car 0.00 0 1.56 799.46 554.44 839.76 585.00 1.54 2.04 4.97 10.45 1.68 37.55 1.56
Car 0.00 0 -1.58 615.32 562.85 683.75 607.32 1.48 1.97 3.81 0.47 1.73 25.52 -1.58
Car 0.00 0 1.56 804.71 560.70 879.50 618.70 1.65 2.15 5.03 7.08 1.66 22.91 1.56
Car 0.00 0 1.73 764.15 0.00 1279.00 1079.00 4.25 3.94 10.27 3.48 0.37 4.07 1.73
Car 0.00 0 1.56 748.27 545.94 775.89 575.60 1.99 1.77 4.44 8.81 1.44 45.97 1.56
Car 0.00 0 1.56 729.55 556.74 775.38 589.71 1.49 2.16 4.79 6.09 1.71 34.22 1.56