Car 0.00 0 1.56 623.54 568.57 707.87 635.87 1.49 2.16 4.79 0.79 1.70 18.83 1.56
Car 0.00 0 1.57 614.25 598.82 712.54 705.06 1.38 1.48 2.21 0.40 1.79 10.76 1.57
Motorcycle 0.00 0 1.59 1090.37 662.53 1279.00 1079.00 1.65 0.77 2.35 3.55 1.70 3.37 1.59
Car 0.00 0 0.02 906.85 525.05 1029.24 571.33 3.46 2.89 7.94 25.18 0.61 49.42 0.02
Car 0.00 0 1.16 683.88 551.54 706.13 573.93 1.53 0.87 2.19 4.00 1.63 46.36 1.16
Car 0.00 0 0.40 806.92 550.63 875.41 571.71 1.49 1.84 4.89 15.39 1.59 48.98 0.40
Cyclist 0.00 0 1.57 763.27 565.53 800.46 622.32 1.61 0.87 1.51 4.34 1.63 19.69 1.57
Car 0.00 0 -0.55 686.85 548.66 755.54 569.64 1.57 1.80 5.37 6.63 1.54 52.60 -0.55
Car 0.00 0 0.00 1071.95 549.68 1103.85 570.89 1.59 0.87 1.82 34.24 1.54 48.94 0.00
Car 0.00 0 -1.58 0.00 588.56 353.84 752.64 1.51 2.13 4.90 -6.73 1.72 9.98 -1.58
Car 0.00 0 1.56 724.03 559.04 788.27 604.07 1.54 2.04 4.97 4.73 1.65 26.78 1.56
Car 0.00 0 1.56 772.77 576.75 978.85 713.74 1.65 2.15 5.03 3.91 1.65 11.73 1.56
Car 0.00 0 1.56 655.93 545.79 686.41 580.89 1.99 1.77 4.44 1.94 1.38 39.52 1.56
Car 0.00 0 1.56 641.21 559.71 696.57 602.11 1.49 2.16 4.79 1.26 1.67 27.43 1.56
Car 0.00 0 -2.57 695.21 548.36 739.48 565.93 1.50 1.85 3.63 7.07 1.54 58.46 -2.57