Car 0.00 0 1.56 590.85 579.36 708.39 676.52 1.49 2.16 4.79 0.23 1.76 14.18 1.56
Car 0.00 0 1.57 570.84 628.27 729.93 810.41 1.38 1.48 2.21 0.11 1.82 7.07 1.57
Car 0.00 0 -1.61 564.27 554.77 614.83 589.15 1.65 2.15 5.03 -2.69 1.69 35.30 -1.61
Cyclist 0.00 0 -0.78 655.52 551.00 677.25 571.97 1.61 0.87 1.51 2.08 1.69 50.66 -0.78
Motorcycle 0.00 0 1.57 868.61 602.58 1018.87 781.84 1.65 0.77 2.35 3.60 1.71 7.87 1.57
Car 0.00 0 -2.85 684.17 551.47 736.81 569.45 1.47 1.82 4.19 6.14 1.77 55.90 -2.85
Car 0.00 0 -0.01 970.84 553.15 1005.72 573.57 1.53 0.87 2.19 26.65 1.78 49.00 -0.01
Cyclist 0.00 0 1.56 734.00 563.58 763.89 611.08 1.61 0.87 1.51 3.94 1.69 23.25 1.56
Car 0.00 0 -0.01 1025.65 552.71 1118.91 576.07 1.57 1.80 5.37 30.61 1.71 45.42 -0.01
Car 0.00 0 0.13 852.53 553.30 933.86 576.37 1.54 2.04 4.97 17.88 1.74 45.31 0.13
Car 0.00 0 -1.60 494.50 558.57 515.99 595.57 1.62 0.58 1.66 -6.26 1.70 29.82 -1.60
Car 0.00 0 1.56 734.34 569.71 864.97 658.28 1.65 2.15 5.03 3.77 1.69 16.17 1.56
Car 0.00 0 1.56 639.22 547.52 668.11 580.87 1.99 1.77 4.44 0.89 1.51 41.54 1.56
Car 0.00 0 1.56 617.98 565.85 685.69 618.58 1.49 2.16 4.79 0.43 1.76 22.85 1.56