Car 0.00 0 1.56 617.08 566.50 684.60 619.04 1.49 2.16 4.79 0.40 1.79 22.91 1.56
Car 0.00 0 1.57 598.84 602.57 699.91 712.74 1.38 1.48 2.21 0.16 1.83 10.49 1.57
Cyclist 0.00 0 -0.03 873.75 553.09 899.58 576.35 1.61 0.87 1.51 17.46 1.74 45.32 -0.03
Motorcycle 0.00 0 1.56 805.53 584.92 887.65 696.68 1.65 0.77 2.35 3.66 1.72 11.57 1.56
Car 0.00 0 -0.17 774.33 554.13 804.29 576.08 1.52 0.80 2.04 10.65 1.78 45.69 -0.17
Cyclist 0.00 0 1.51 718.11 559.10 738.85 595.39 1.61 0.87 1.51 4.14 1.72 30.02 1.51
Car 0.00 0 -0.00 1101.04 553.68 1198.55 577.18 1.57 1.80 5.37 35.67 1.77 44.88 -0.00
Car 0.00 0 -1.58 493.29 556.60 544.02 591.02 1.62 1.85 3.99 -6.36 1.74 33.94 -1.58
Car 0.00 0 0.02 963.46 554.19 1050.80 577.31 1.54 2.04 4.97 25.71 1.79 44.94 0.02
Car 0.00 0 1.56 716.10 563.89 805.92 626.39 1.65 2.15 5.03 3.86 1.72 21.38 1.56
Car 0.00 0 1.53 631.30 558.44 674.56 590.95 1.49 2.16 4.79 0.76 1.80 34.39 1.53