Car 0.00 0 1.54 608.96 565.99 677.07 619.04 1.49 2.16 4.79 0.15 1.76 22.72 1.54
Car 0.00 0 1.56 595.93 599.49 691.40 702.14 1.38 1.48 2.21 0.06 1.82 11.03 1.56
Cyclist 0.00 0 -0.03 907.74 554.75 939.56 582.65 1.61 0.87 1.51 16.80 1.69 37.93 -0.03
Motorcycle 0.00 0 1.56 827.00 592.22 935.63 730.53 1.65 0.77 2.35 3.55 1.71 9.67 1.56
Car 0.00 0 -0.17 789.27 556.01 825.81 582.39 1.52 0.80 2.04 9.98 1.73 38.20 -0.17
Car 0.00 0 0.00 1205.45 555.59 1251.69 579.94 1.53 0.87 2.19 37.95 1.78 41.28 0.00
Cyclist 0.00 0 1.24 735.65 558.97 761.27 597.66 1.61 0.87 1.51 4.87 1.69 28.68 1.24
Car 0.00 0 -0.00 1175.34 555.35 1279.00 583.44 1.57 1.80 5.37 35.02 1.71 37.76 -0.00
Car 0.00 0 -1.58 307.72 569.91 439.95 646.39 1.62 1.85 3.99 -6.91 1.70 17.10 -1.58
Car 0.00 0 3.13 935.22 554.37 1002.91 573.35 1.39 1.99 4.18 25.26 1.82 49.24 3.13
Car 0.00 0 0.02 1013.53 556.01 1120.51 583.88 1.54 2.04 4.97 25.06 1.74 37.68 0.02
Car 0.00 0 1.56 713.18 564.87 812.56 632.99 1.65 2.15 5.03 3.62 1.69 19.85 1.56
Car 0.00 0 3.14 1019.82 527.21 1148.97 573.54 3.46 2.89 7.94 34.06 0.78 49.27 3.14
Car 0.00 0 1.07 653.88 557.19 725.42 588.94 1.49 2.16 4.79 2.84 1.76 35.41 1.07