Car 0.00 0 1.56 616.07 566.13 682.09 617.38 1.49 2.16 4.79 0.34 1.79 23.37 1.56
Car 0.00 0 1.57 600.07 600.19 696.14 704.24 1.38 1.48 2.21 0.14 1.83 10.98 1.57
Cyclist 0.00 0 -0.03 880.84 553.70 907.98 578.00 1.61 0.87 1.51 17.26 1.75 43.43 -0.03
Motorcycle 0.00 0 1.56 814.14 588.40 905.91 709.03 1.65 0.77 2.35 3.62 1.72 10.79 1.56
Car 0.00 0 -0.17 777.18 554.80 808.58 577.73 1.52 0.80 2.04 10.44 1.79 43.78 -0.17
Cyclist 0.00 0 1.49 718.88 559.21 739.31 595.41 1.61 0.87 1.51 4.17 1.73 30.03 1.49
Car 0.00 0 -0.00 1117.12 554.29 1219.36 578.81 1.57 1.80 5.37 35.47 1.77 43.07 -0.00
Car 0.00 0 -1.58 462.20 559.18 524.54 600.18 1.62 1.85 3.99 -6.56 1.74 29.06 -1.58
Car 0.00 0 0.02 974.15 554.84 1065.76 579.00 1.54 2.04 4.97 25.51 1.79 43.09 0.02
Car 0.00 0 1.56 714.40 564.09 804.85 626.78 1.65 2.15 5.03 3.80 1.72 21.29 1.56
Car 0.00 0 1.42 631.30 558.08 681.61 589.76 1.49 2.16 4.79 0.99 1.81 35.30 1.42