Car 0.00 0 1.56 610.10 565.93 678.03 618.84 1.49 2.16 4.79 0.15 1.77 22.78 1.56
Car 0.00 0 1.56 596.02 599.47 691.63 702.45 1.38 1.48 2.21 0.07 1.82 11.02 1.56
Cyclist 0.00 0 -0.03 901.43 554.41 932.28 581.57 1.61 0.87 1.51 16.83 1.69 38.93 -0.03
Motorcycle 0.00 0 1.56 821.53 590.53 924.30 723.21 1.65 0.77 2.35 3.55 1.71 10.02 1.56
Car 0.00 0 -0.17 785.99 555.64 821.47 581.31 1.52 0.80 2.04 10.01 1.73 39.21 -0.17
Car 0.00 0 0.00 1192.09 555.23 1237.02 579.04 1.53 0.87 2.19 37.93 1.78 42.26 0.00
Cyclist 0.00 0 1.27 729.87 558.85 754.66 597.16 1.61 0.87 1.51 4.63 1.69 28.93 1.27
Car 0.00 0 -0.00 1162.46 555.00 1278.06 582.34 1.57 1.80 5.37 35.05 1.72 38.75 -0.00
Car 0.00 0 -1.58 346.67 567.07 459.32 634.24 1.62 1.85 3.99 -6.88 1.70 19.06 -1.58
Car 0.00 0 3.13 929.98 554.12 996.08 572.71 1.39 1.99 4.18 25.30 1.82 50.23 3.13
Car 0.00 0 0.02 1004.64 555.64 1108.37 582.74 1.54 2.04 4.97 25.09 1.74 38.67 0.02
Car 0.00 0 1.56 712.51 564.55 809.82 631.35 1.65 2.15 5.03 3.63 1.69 20.17 1.56
Car 0.00 0 1.14 645.70 557.22 713.20 588.94 1.49 2.16 4.79 2.27 1.77 35.42 1.14