Truck 0.00 0 -1.58 676.22 544.88 714.82 574.34 2.10 2.39 6.27 4.42 1.46 49.97 -1.58
Motorcycle 0.00 0 1.59 845.13 580.41 909.86 679.73 1.65 0.77 2.35 4.69 1.71 12.80 1.59
Car 0.00 0 -1.58 643.82 540.80 681.12 570.26 2.43 2.35 6.37 2.06 1.29 56.36 -1.58
Car 0.00 0 1.56 717.25 555.98 751.83 586.95 1.55 1.79 3.71 5.38 1.73 36.11 1.56
Car 0.00 0 1.56 716.17 562.36 738.75 601.36 1.53 0.87 2.19 3.81 1.78 27.78 1.56
Cyclist 0.00 0 1.56 797.31 559.10 819.68 597.06 1.61 0.87 1.51 7.57 1.69 28.83 1.56
Car 0.00 0 1.56 778.78 556.15 821.94 588.38 1.54 2.04 4.97 8.88 1.74 35.81 1.56
Car 0.00 0 -1.58 457.53 571.21 561.42 621.26 1.30 1.89 4.72 -4.36 1.86 22.24 -1.58
Car 0.00 0 1.48 721.39 526.85 768.91 574.16 3.46 2.89 7.94 8.51 0.77 51.04 1.48
Car 0.00 0 1.56 789.09 563.43 874.21 627.69 1.65 2.15 5.03 6.13 1.69 21.05 1.56
Car 0.00 0 1.58 671.50 556.34 745.10 642.82 1.99 1.77 4.44 2.03 1.51 17.93 1.58
Car 0.00 0 1.63 567.89 597.06 778.85 789.43 1.49 2.16 4.79 0.60 1.76 8.94 1.63