Truck 0.00 0 -1.58 583.89 549.30 665.09 608.54 2.10 2.39 6.27 -0.47 1.48 26.90 -1.58
Motorcycle 0.00 0 1.59 879.27 594.43 989.24 739.90 1.65 0.77 2.35 4.19 1.72 9.34 1.59
Car 0.00 0 -1.58 550.11 541.94 619.24 591.61 2.43 2.35 6.37 -2.85 1.33 34.82 -1.58
Car 0.00 0 1.56 707.73 553.44 734.11 577.59 1.55 1.79 3.71 5.79 1.78 45.57 1.56
Car 0.00 0 1.56 709.56 558.32 726.12 587.91 1.53 0.87 2.19 4.36 1.82 35.72 1.56
Car 0.00 0 0.50 834.09 552.48 896.58 571.69 1.49 1.84 4.89 18.82 1.82 53.46 0.50
Cyclist 0.00 0 1.56 788.31 562.26 814.71 605.53 1.61 0.87 1.51 6.41 1.72 25.47 1.56
Car 0.00 0 -2.16 651.78 550.96 702.38 568.84 1.51 2.13 4.90 3.49 1.81 59.47 -2.16
Car 0.00 0 1.56 763.48 558.40 813.12 594.42 1.54 2.04 4.97 7.43 1.78 32.50 1.56
Car 0.00 0 -1.58 651.59 555.05 685.75 578.96 1.48 1.97 3.81 2.01 1.81 43.88 -1.58
Car 0.00 0 1.56 784.33 568.11 895.82 648.21 1.65 2.15 5.03 5.28 1.71 17.64 1.56
Car 0.00 0 1.56 682.95 553.25 735.46 614.98 1.99 1.77 4.44 2.66 1.54 23.94 1.56
Car 0.00 0 1.58 615.70 585.89 760.94 711.16 1.49 2.16 4.79 1.00 1.78 11.93 1.58