Car 0.00 0 3.14 1048.99 551.90 1145.03 577.35 1.65 2.15 5.03 31.11 1.66 43.68 3.14
Car 0.00 0 0.02 998.01 519.53 1195.63 592.07 3.46 2.89 7.94 22.73 0.75 32.13 0.02
Car 0.00 0 1.56 625.21 555.06 657.84 585.39 1.55 1.79 3.71 0.09 1.70 36.94 1.56
Car 0.00 0 3.11 1182.90 554.28 1269.54 577.05 1.47 1.82 4.19 39.90 1.73 43.63 3.11
Car 0.00 0 1.16 661.42 561.84 697.10 600.41 1.53 0.87 2.19 1.74 1.76 27.94 1.16
Car 0.00 0 0.40 853.64 559.50 959.10 593.58 1.49 1.84 4.89 12.98 1.73 31.16 0.40
Car 0.00 0 -0.55 663.31 555.76 769.09 589.28 1.57 1.80 5.37 4.03 1.69 34.31 -0.55
Car 0.00 0 0.00 1247.18 557.45 1279.00 590.11 1.59 0.87 1.82 31.80 1.68 32.13 0.00
Motorcycle 0.00 0 3.14 940.38 551.33 977.49 574.19 1.65 0.77 2.35 23.48 1.67 47.14 3.14
Car 0.00 0 1.56 786.50 596.40 1128.50 809.85 1.54 2.04 4.97 3.52 1.73 8.43 1.56
Car 0.00 0 -0.00 1272.91 521.45 1279.00 586.39 3.46 2.89 7.94 40.72 0.75 35.73 -0.00
Car 0.00 0 3.14 975.48 552.45 1004.53 576.66 1.62 0.58 1.66 23.86 1.67 43.64 3.14
Car 0.00 0 1.56 611.16 553.80 671.64 624.82 1.99 1.77 4.44 0.05 1.49 21.00 1.56
Car 0.00 0 1.56 534.23 597.37 747.50 786.78 1.49 2.16 4.79 0.01 1.76 8.89 1.56
Car 0.00 0 -2.57 674.13 554.58 737.94 580.97 1.50 1.85 3.63 4.16 1.71 40.19 -2.57