Car 0.00 0 3.14 1025.54 551.10 1114.56 574.92 1.65 2.15 5.03 31.17 1.65 46.49 3.14
Car 0.00 0 0.02 970.86 520.69 1150.12 587.46 3.46 2.89 7.94 22.77 0.74 34.95 0.02
Car 0.00 0 1.56 625.25 555.48 659.01 586.90 1.55 1.79 3.71 0.12 1.70 35.77 1.56
Car 0.00 0 1.16 660.13 559.78 692.71 594.48 1.53 0.87 2.19 1.77 1.75 30.78 1.16
Car 0.00 0 0.49 820.56 557.52 914.55 590.17 1.49 1.84 4.89 11.98 1.73 33.62 0.49
Cyclist 0.00 0 1.57 1040.98 655.14 1279.00 1010.33 1.61 0.87 1.51 3.51 1.69 4.15 1.57
Car 0.00 0 -0.55 662.31 554.51 759.81 585.17 1.57 1.80 5.37 4.08 1.68 37.16 -0.55
Car 0.00 0 0.00 1199.65 555.95 1247.22 585.91 1.59 0.87 1.82 31.84 1.68 34.94 0.00
Car 0.00 0 -1.58 0.00 639.91 40.63 1079.00 1.51 2.13 4.90 -7.00 1.75 3.88 -1.58
Motorcycle 0.00 0 3.14 925.05 550.58 959.83 572.15 1.65 0.77 2.35 23.60 1.66 49.96 3.14
Car 0.00 0 1.56 756.93 584.50 971.04 722.36 1.54 2.04 4.97 3.53 1.73 11.27 1.56
Car 0.00 0 -0.00 1186.09 522.89 1279.00 582.68 3.46 2.89 7.94 38.06 0.74 38.52 -0.00
Car 0.00 0 3.14 955.99 551.59 983.02 574.32 1.62 0.58 1.66 23.91 1.66 46.46 3.14
Car 0.00 0 1.56 614.95 552.53 668.82 615.23 1.99 1.77 4.44 0.07 1.49 23.31 1.56
Car 0.00 0 1.56 567.22 585.79 715.43 710.96 1.49 2.16 4.79 0.03 1.75 11.74 1.56
Car 0.00 0 -2.58 673.20 553.42 732.89 578.08 1.50 1.85 3.63 4.25 1.70 43.07 -2.58