Car 0.00 0 -1.59 447.90 567.25 565.76 646.40 1.65 2.15 5.03 -3.45 1.69 17.68 -1.59
Cyclist 0.00 0 -0.60 671.18 555.62 703.46 585.98 1.61 0.87 1.51 2.61 1.69 35.26 -0.60
Car 0.00 0 -2.79 664.99 555.29 735.81 580.07 1.47 1.82 4.19 3.90 1.76 41.44 -2.79
Car 0.00 0 -0.01 1116.94 558.02 1168.71 586.44 1.53 0.87 2.19 27.85 1.78 35.46 -0.01
Cyclist 0.00 0 1.56 837.54 596.87 938.35 729.54 1.61 0.87 1.51 3.50 1.69 9.18 1.56
Car 0.00 0 -0.00 1203.66 557.82 1279.00 591.51 1.57 1.80 5.37 31.63 1.71 31.98 -0.00
Car 0.00 0 3.12 978.85 556.16 1057.91 577.83 1.39 1.99 4.18 25.61 1.81 43.42 3.12
Car 0.00 0 0.08 955.11 558.73 1077.87 592.42 1.54 2.04 4.97 18.56 1.73 31.67 0.08
Car 0.00 0 -1.59 244.67 582.50 322.80 678.07 1.62 0.58 1.66 -6.91 1.70 12.50 -1.59
Car 0.00 0 1.56 975.78 660.31 1279.00 1079.00 1.65 2.15 5.03 3.50 1.69 2.10 1.56
Car 0.00 0 1.56 618.82 550.96 662.57 601.40 1.99 1.77 4.44 0.03 1.51 28.19 1.56
Car 0.00 0 1.56 530.43 598.73 749.87 794.34 1.49 2.16 4.79 0.00 1.76 8.71 1.56