Car 0.00 0 -3.11 807.47 552.44 892.59 578.23 1.65 2.15 5.03 14.12 1.69 43.22 -3.11
Cyclist 0.00 0 -1.58 596.37 549.67 607.05 568.24 1.61 0.87 1.51 -3.42 1.68 57.19 -1.58
Car 0.00 0 -0.00 1225.28 519.77 1279.00 592.61 3.46 2.89 7.94 34.54 0.77 32.00 -0.00
Car 0.00 0 3.14 988.77 554.76 1066.73 577.63 1.47 1.82 4.19 26.26 1.76 43.43 3.14
Car 0.00 0 1.16 660.85 562.45 696.82 601.38 1.53 0.87 2.19 1.70 1.78 27.69 1.16
Car 0.00 0 0.03 1013.67 559.51 1136.27 591.90 1.49 1.84 4.89 21.52 1.75 31.78 0.03
Cyclist 0.00 0 1.56 837.35 593.70 942.39 733.32 1.61 0.87 1.51 3.50 1.69 9.13 1.56
Car 0.00 0 -0.24 769.68 557.40 883.34 591.89 1.57 1.80 5.37 9.32 1.71 32.32 -0.24
Car 0.00 0 3.10 1183.57 556.12 1273.07 577.92 1.39 1.99 4.18 39.82 1.81 43.40 3.10
Car 0.00 0 1.35 729.70 564.34 798.33 625.62 1.54 2.04 4.97 4.26 1.75 21.80 1.35
Car 0.00 0 -2.77 695.91 553.32 722.85 579.23 1.62 0.58 1.66 4.51 1.70 41.63 -2.77
Car 0.00 0 1.56 1198.78 740.30 1279.00 1079.00 1.65 2.15 5.03 3.50 1.69 0.26 1.56
Car 0.00 0 1.56 610.01 554.33 671.29 626.42 1.99 1.77 4.44 0.02 1.51 20.75 1.56
Car 0.00 0 1.56 530.33 598.76 749.97 794.56 1.49 2.16 4.79 0.00 1.76 8.70 1.56
Car 0.00 0 -1.58 0.00 650.55 350.47 1079.00 1.50 1.85 3.63 -3.50 1.74 3.86 -1.58