Car 0.00 0 3.14 930.70 552.38 1021.44 578.01 1.65 2.15 5.03 22.72 1.69 43.41 3.14
Car 0.00 0 -0.00 1117.34 519.85 1279.00 592.56 3.46 2.89 7.94 28.88 0.77 31.97 -0.00
Car 0.00 0 3.13 1126.04 554.74 1209.97 577.62 1.47 1.82 4.19 35.79 1.76 43.45 3.13
Car 0.00 0 1.16 660.85 562.45 696.82 601.38 1.53 0.87 2.19 1.70 1.78 27.69 1.16
Car 0.00 0 0.21 894.57 559.54 1007.52 593.52 1.49 1.84 4.89 15.23 1.75 31.40 0.21
Cyclist 0.00 0 1.56 1257.53 719.87 1279.00 1079.00 1.61 0.87 1.51 3.50 1.69 2.41 1.56
Car 0.00 0 -0.55 663.08 556.26 769.68 590.11 1.57 1.80 5.37 4.01 1.71 34.06 -0.55
Motorcycle 0.00 0 2.06 686.85 550.06 710.59 570.45 1.65 0.77 2.35 4.95 1.70 54.15 2.06
Car 0.00 0 1.56 746.28 581.11 928.76 700.25 1.54 2.04 4.97 3.51 1.74 12.52 1.56
Car 0.00 0 -3.09 824.64 552.97 851.94 577.46 1.62 0.58 1.66 13.39 1.70 43.24 -3.09
Car 0.00 0 1.56 610.01 554.33 671.29 626.42 1.99 1.77 4.44 0.02 1.51 20.75 1.56
Car 0.00 0 1.56 530.26 598.78 750.03 794.71 1.49 2.16 4.79 0.00 1.76 8.70 1.56
Car 0.00 0 -1.59 424.92 578.04 544.62 662.62 1.50 1.85 3.63 -3.42 1.74 14.81 -1.59