Car 0.00 0 3.14 890.75 552.40 979.51 578.01 1.65 2.15 5.03 19.94 1.69 43.39 3.14
Car 0.00 0 -0.00 1161.91 519.63 1279.00 592.56 3.46 2.89 7.94 31.22 0.77 31.98 -0.00
Car 0.00 0 3.13 1076.70 554.77 1158.38 577.58 1.47 1.82 4.19 32.37 1.76 43.45 3.13
Car 0.00 0 1.16 660.85 562.45 696.82 601.38 1.53 0.87 2.19 1.70 1.78 27.69 1.16
Car 0.00 0 0.09 942.81 559.45 1060.62 592.77 1.49 1.84 4.89 17.81 1.75 31.63 0.09
Cyclist 0.00 0 1.56 1017.32 648.81 1279.00 972.98 1.61 0.87 1.51 3.50 1.69 4.45 1.56
Car 0.00 0 -0.49 678.70 556.44 787.44 590.57 1.57 1.80 5.37 4.86 1.71 33.68 -0.49
Motorcycle 0.00 0 1.69 675.84 549.30 689.82 568.35 1.65 0.77 2.35 3.89 1.70 58.33 1.69
Car 0.00 0 1.54 731.09 574.39 861.75 662.61 1.54 2.04 4.97 3.55 1.74 15.56 1.54
Car 0.00 0 -3.09 782.99 553.00 809.99 577.64 1.62 0.58 1.66 10.53 1.70 43.07 -3.09
Car 0.00 0 1.56 610.01 554.33 671.29 626.42 1.99 1.77 4.44 0.02 1.51 20.75 1.56
Car 0.00 0 1.56 530.28 598.77 750.01 794.67 1.49 2.16 4.79 0.00 1.76 8.70 1.56
Car 0.00 0 -1.59 342.22 588.11 516.55 708.99 1.50 1.85 3.63 -3.46 1.74 11.26 -1.59