Car 0.00 0 -1.58 272.62 582.56 521.59 742.62 1.65 2.15 5.03 -3.49 1.69 10.47 -1.58
Cyclist 0.00 0 -0.38 760.36 556.65 792.66 589.30 1.61 0.87 1.51 7.05 1.69 33.06 -0.38
Car 0.00 0 -2.52 599.99 556.12 673.47 583.22 1.47 1.82 4.19 -0.17 1.76 38.90 -2.52
Car 0.00 0 -0.00 1215.50 558.02 1269.59 586.41 1.53 0.87 2.19 33.40 1.78 35.49 -0.00
Cyclist 0.00 0 1.56 837.52 596.87 938.31 729.52 1.61 0.87 1.51 3.50 1.69 9.18 1.56
Car 0.00 0 -0.00 1264.88 557.93 1279.00 591.43 1.57 1.80 5.37 34.79 1.71 32.00 -0.00
Car 0.00 0 3.13 974.05 556.14 1052.89 577.86 1.39 1.99 4.18 25.27 1.81 43.42 3.13
Car 0.00 0 0.04 1050.75 558.53 1179.62 592.06 1.54 2.04 4.97 23.54 1.73 31.83 0.04
Car 0.00 0 1.56 975.78 660.31 1279.00 1079.00 1.65 2.15 5.03 3.50 1.69 2.10 1.56
Car 0.00 0 1.56 620.44 550.21 660.97 596.96 1.99 1.77 4.44 0.03 1.51 30.25 1.56
Car 0.00 0 1.56 530.45 598.72 749.86 794.30 1.49 2.16 4.79 0.00 1.76 8.71 1.56