Car 0.00 0 -1.59 365.50 575.57 542.46 691.20 1.65 2.15 5.03 -3.48 1.69 13.16 -1.59
Cyclist 0.00 0 -0.40 728.69 556.50 760.94 588.10 1.61 0.87 1.51 5.52 1.69 33.70 -0.40
Car 0.00 0 -2.64 625.99 555.72 698.33 581.74 1.47 1.82 4.19 1.40 1.76 40.07 -2.64
Car 0.00 0 -0.00 1182.85 557.95 1236.27 586.51 1.53 0.87 2.19 31.56 1.78 35.48 -0.00
Cyclist 0.00 0 1.56 837.55 596.87 938.35 729.54 1.61 0.87 1.51 3.50 1.69 9.18 1.56
Car 0.00 0 -0.00 1264.65 557.52 1279.00 592.06 1.57 1.80 5.37 34.79 1.71 32.00 -0.00
Car 0.00 0 3.12 975.89 556.14 1054.83 577.86 1.39 1.99 4.18 25.40 1.81 43.42 3.12
Car 0.00 0 0.04 1029.61 558.48 1157.41 592.72 1.54 2.04 4.97 22.44 1.74 31.80 0.04
Car 0.00 0 -1.59 0.00 610.17 112.76 790.54 1.62 0.58 1.66 -6.96 1.70 7.26 -1.59
Car 0.00 0 1.56 975.78 660.31 1279.00 1079.00 1.65 2.15 5.03 3.50 1.69 2.10 1.56
Car 0.00 0 1.56 619.97 550.35 661.42 598.36 1.99 1.77 4.44 0.03 1.51 29.62 1.56
Car 0.00 0 1.56 530.45 598.74 749.86 794.32 1.49 2.16 4.79 0.00 1.76 8.71 1.56