Cyclist 0.00 0 -0.03 951.90 557.32 990.93 590.47 1.61 0.87 1.51 16.59 1.69 32.06 -0.03
Car 0.00 0 -0.17 811.93 558.81 856.14 590.18 1.52 0.80 2.04 9.77 1.73 32.29 -0.17
Truck 0.00 0 -1.58 0.00 563.37 304.85 873.87 2.10 2.39 6.27 -7.00 1.45 7.94 -1.58
Cyclist 0.00 0 1.56 836.94 596.69 937.26 728.87 1.61 0.87 1.51 3.50 1.69 9.21 1.56
Car 0.00 0 -0.00 1265.08 557.93 1279.00 591.43 1.57 1.80 5.37 34.80 1.71 32.00 -0.00
Car 0.00 0 -1.58 550.62 549.42 576.34 568.47 1.62 1.85 3.99 -6.92 1.69 58.19 -1.58
Car 0.00 0 3.13 970.76 556.16 1049.41 577.83 1.39 1.99 4.18 25.05 1.81 43.42 3.13
Car 0.00 0 0.02 1075.81 558.75 1206.53 592.11 1.54 2.04 4.97 24.85 1.73 31.85 0.02
Car 0.00 0 1.56 975.78 660.31 1279.00 1079.00 1.65 2.15 5.03 3.50 1.69 2.10 1.56
Car 0.00 0 3.14 1064.70 525.33 1214.38 578.10 3.46 2.89 7.94 33.78 0.77 43.50 3.14
Car 0.00 0 1.56 530.55 598.69 749.76 794.06 1.49 2.16 4.79 0.00 1.76 8.71 1.56