Car 0.00 0 -1.00 548.88 593.73 734.69 755.53 -1.00 -1.00 -1.00 -1.00 -1.00 -1.00 -1.00
Car 0.00 0 -1.00 956.49 554.05 993.49 571.92 -1.00 -1.00 -1.00 -1.00 -1.00 -1.00 -1.00
Car 0.00 0 -1.00 864.08 550.16 932.40 570.08 -1.00 -1.00 -1.00 -1.00 -1.00 -1.00 -1.00
Truck 0.00 0 -1.00 618.75 547.15 668.87 592.87 -1.00 -1.00 -1.00 -1.00 -1.00 -1.00 -1.00
Car 0.00 0 -1.00 0.00 0.00 158.01 1079.00 -1.00 -1.00 -1.00 -1.00 -1.00 -1.00 -1.00
Cyclist 0.00 0 -1.00 1023.04 551.94 1050.25 573.79 -1.00 -1.00 -1.00 -1.00 -1.00 -1.00 -1.00
Car 0.00 0 -1.00 271.38 546.30 345.01 574.25 -1.00 -1.00 -1.00 -1.00 -1.00 -1.00 -1.00
Car 0.00 0 -1.00 714.64 572.22 799.77 628.12 -1.00 -1.00 -1.00 -1.00 -1.00 -1.00 -1.00
Car 0.00 0 -1.00 873.74 551.80 928.40 571.62 -1.00 -1.00 -1.00 -1.00 -1.00 -1.00 -1.00
Car 0.00 0 -1.00 670.74 501.27 764.16 598.00 -1.00 -1.00 -1.00 -1.00 -1.00 -1.00 -1.00
Car 0.00 0 -1.00 608.43 570.77 677.61 633.80 -1.00 -1.00 -1.00 -1.00 -1.00 -1.00 -1.00