Truck 0.00 0 -1.58 102.27 562.47 534.06 835.42 2.10 2.39 6.27 -3.31 1.46 8.64 -1.58
Motorcycle 0.00 0 1.59 1124.11 675.72 1279.00 1079.00 1.65 0.77 2.35 3.52 1.71 3.01 1.59
Car 0.00 0 -1.58 292.94 542.85 484.02 654.90 2.43 2.35 6.37 -6.32 1.30 17.27 -1.58
Car 0.00 0 0.03 896.16 527.74 1018.55 574.31 3.46 2.89 7.94 24.19 0.82 49.08 0.03
Car 0.00 0 1.56 660.08 552.88 684.88 574.96 1.55 1.79 3.71 2.45 1.76 48.09 1.56
Car 0.00 0 1.55 663.02 558.38 679.62 587.90 1.53 0.87 2.19 1.75 1.81 35.51 1.55
Car 0.00 0 0.50 795.05 553.50 862.22 575.13 1.49 1.84 4.89 14.23 1.80 48.24 0.50
Cyclist 0.00 0 1.56 765.48 568.81 803.08 626.99 1.61 0.87 1.51 4.32 1.71 19.27 1.56
Car 0.00 0 -1.26 635.07 550.09 670.38 569.15 1.57 1.80 5.37 1.10 1.76 58.79 -1.26
Car 0.00 0 0.01 1049.23 552.53 1080.87 573.90 1.59 0.87 1.82 32.29 1.76 48.64 0.01
Car 0.00 0 -1.63 542.93 554.82 590.84 581.09 1.51 2.13 4.90 -4.72 1.78 42.04 -1.63
Car 0.00 0 1.56 724.98 562.04 790.50 607.95 1.54 2.04 4.97 4.72 1.76 26.37 1.56
Car 0.00 0 -0.00 864.89 528.62 976.86 571.99 3.46 2.89 7.94 22.99 0.82 52.72 -0.00
Car 0.00 0 -1.58 549.28 564.12 611.64 607.37 1.48 1.97 3.81 -2.32 1.79 25.94 -1.58
Car 0.00 0 1.56 775.27 580.43 990.79 723.69 1.65 2.15 5.03 3.89 1.70 11.37 1.56
Car 0.00 0 1.56 645.36 552.21 692.44 606.91 1.99 1.77 4.44 1.21 1.53 26.37 1.56
Car 0.00 0 1.56 601.89 580.63 722.72 681.16 1.49 2.16 4.79 0.52 1.78 13.86 1.56
Car 0.00 0 -2.72 712.55 550.88 757.14 568.31 1.50 1.85 3.63 8.75 1.79 59.12 -2.72