Car 0.00 0 -1.58 0.00 545.40 222.86 1079.00 2.43 2.35 6.37 -6.98 1.29 5.64 -1.58
Car 0.00 0 0.03 899.95 525.75 1035.58 577.50 3.46 2.89 7.94 22.56 0.78 44.33 0.03
Car 0.00 0 1.56 639.02 553.52 666.68 578.76 1.55 1.79 3.71 0.87 1.73 43.24 1.56
Car 0.00 0 1.48 646.53 558.01 665.61 588.15 1.53 0.87 2.19 0.89 1.78 35.01 1.48
Car 0.00 0 0.50 790.01 554.40 864.08 578.91 1.49 1.84 4.89 12.63 1.76 43.15 0.50
Cyclist 0.00 0 1.56 784.56 578.77 842.24 662.14 1.61 0.87 1.51 3.72 1.69 13.85 1.56
Cyclist 0.00 0 0.01 1167.13 552.77 1199.72 576.65 1.61 0.87 1.51 37.45 1.69 44.12 0.01
Car 0.00 0 -0.73 641.75 552.16 712.19 574.65 1.57 1.80 5.37 2.72 1.72 48.28 -0.73
Car 0.00 0 0.01 1067.93 553.13 1103.12 576.79 1.59 0.87 1.82 30.73 1.71 44.16 0.01
Car 0.00 0 -1.59 467.69 559.59 538.18 597.54 1.51 2.13 4.90 -6.35 1.75 30.29 -1.59
Car 0.00 0 1.56 719.23 566.49 808.00 627.05 1.54 2.04 4.97 3.87 1.74 20.96 1.56
Car 0.00 0 -0.01 935.27 526.84 1063.64 574.71 3.46 2.89 7.94 26.70 0.78 47.81 -0.01
Car 0.00 0 -1.58 421.48 580.13 551.93 667.33 1.48 1.97 3.81 -3.28 1.77 14.51 -1.58
Car 0.00 0 1.56 830.77 605.58 1279.00 1012.66 1.65 2.15 5.03 3.55 1.69 5.95 1.56
Car 0.00 0 1.56 625.77 552.39 677.26 612.98 1.99 1.77 4.44 0.45 1.51 24.28 1.56
Car 0.00 0 1.56 579.34 584.49 718.42 701.11 1.49 2.16 4.79 0.18 1.76 12.35 1.56
Car 0.00 0 -2.72 696.06 551.46 744.80 570.53 1.50 1.85 3.63 6.76 1.74 53.82 -2.72