Truck 0.00 0 -1.58 664.75 545.46 709.35 579.07 2.10 2.39 6.27 3.36 1.46 44.32 -1.58
Motorcycle 0.00 0 1.59 845.13 580.41 909.86 679.73 1.65 0.77 2.35 4.69 1.71 12.80 1.59
Car 0.00 0 -1.58 631.32 540.88 673.53 573.53 2.43 2.35 6.37 1.09 1.29 51.19 -1.58
Car 0.00 0 1.56 721.58 554.54 752.62 582.08 1.55 1.79 3.71 6.11 1.73 40.00 1.56
Car 0.00 0 1.56 720.71 560.16 740.84 594.92 1.53 0.87 2.19 4.40 1.78 30.91 1.56
Cyclist 0.00 0 1.56 797.31 559.10 819.68 597.06 1.61 0.87 1.51 7.57 1.69 28.83 1.56
Car 0.00 0 1.56 778.78 556.15 821.94 588.38 1.54 2.04 4.97 8.88 1.74 35.81 1.56
Car 0.00 0 -1.57 322.70 581.82 492.68 658.95 1.30 1.89 4.72 -5.51 1.86 15.97 -1.57
Car 0.00 0 1.25 730.75 527.97 791.92 571.20 3.46 2.89 7.94 10.64 0.77 55.43 1.25
Car 0.00 0 1.56 789.09 563.43 874.21 627.69 1.65 2.15 5.03 6.13 1.69 21.05 1.56
Car 0.00 0 1.75 781.46 281.99 1279.00 902.98 4.25 3.94 10.27 3.28 0.38 0.75 1.75
Car 0.00 0 1.57 676.11 555.43 745.86 636.73 1.99 1.77 4.44 2.21 1.51 18.96 1.57
Car 0.00 0 1.62 574.97 595.08 773.84 775.41 1.49 2.16 4.79 0.65 1.76 9.33 1.62