Truck 0.00 0 -1.58 499.23 551.71 623.27 639.69 2.10 2.39 6.27 -2.09 1.46 19.35 -1.58
Motorcycle 0.00 0 1.59 931.04 614.31 1136.73 848.55 1.65 0.77 2.35 3.78 1.71 6.45 1.59
Car 0.00 0 -1.58 476.09 541.76 571.19 606.37 2.43 2.35 6.37 -4.78 1.30 27.53 -1.58
Car 0.00 0 0.03 911.50 527.98 1029.21 572.39 3.46 2.89 7.94 26.46 0.79 51.57 0.03
Car 0.00 0 1.56 684.55 552.71 710.14 575.97 1.55 1.79 3.71 4.21 1.74 46.76 1.56
Car 0.00 0 1.56 686.91 558.08 703.21 587.61 1.53 0.87 2.19 3.06 1.79 35.47 1.56
Car 0.00 0 0.50 813.82 552.46 878.12 572.67 1.49 1.84 4.89 16.47 1.78 51.17 0.50
Cyclist 0.00 0 1.56 774.70 564.36 805.33 613.30 1.61 0.87 1.51 5.29 1.70 22.66 1.56
Car 0.00 0 -1.91 598.70 551.76 648.20 572.33 1.51 2.13 4.90 -1.29 1.77 52.51 -1.91
Car 0.00 0 1.56 743.71 559.44 799.65 599.33 1.54 2.04 4.97 6.01 1.75 29.73 1.56
Car 0.00 0 0.09 812.63 528.96 915.32 569.77 3.46 2.89 7.94 19.40 0.79 55.76 0.09
Car 0.00 0 -1.58 612.03 557.29 653.78 586.63 1.48 1.97 3.81 -0.35 1.78 36.52 -1.58
Car 0.00 0 1.56 775.51 572.16 920.19 672.53 1.65 2.15 5.03 4.51 1.70 14.79 1.56
Car 0.00 0 1.56 664.75 552.54 715.57 611.98 1.99 1.77 4.44 1.97 1.52 24.62 1.56
Car 0.00 0 1.57 605.94 584.91 747.44 705.33 1.49 2.16 4.79 0.76 1.77 12.19 1.57