Truck 0.00 0 -1.58 618.83 546.03 684.33 594.71 2.10 2.39 6.27 0.73 1.39 31.87 -1.58
Motorcycle 0.00 0 1.59 880.28 589.97 981.38 726.48 1.65 0.77 2.35 4.37 1.69 9.83 1.59
Car 0.00 0 -1.58 582.89 539.75 641.29 583.03 2.43 2.35 6.37 -1.59 1.21 39.46 -1.58
Car 0.00 0 1.56 715.75 552.20 744.05 578.12 1.55 1.79 3.71 6.03 1.64 42.68 1.56
Car 0.00 0 1.56 717.54 557.40 735.34 588.95 1.53 0.87 2.19 4.54 1.71 33.54 1.56
Car 0.00 0 0.50 843.92 550.32 906.50 569.42 1.49 1.84 4.89 19.74 1.64 53.71 0.50
Cyclist 0.00 0 1.56 796.83 559.81 822.71 602.28 1.61 0.87 1.51 6.86 1.64 25.92 1.56
Car 0.00 0 1.56 772.89 556.10 821.73 591.57 1.54 2.04 4.97 8.00 1.67 32.94 1.56
Car 0.00 0 0.63 766.11 527.28 856.03 567.95 3.46 2.89 7.94 15.43 0.65 57.59 0.63
Car 0.00 0 -1.58 669.19 551.70 699.86 573.26 1.48 1.97 3.81 3.40 1.66 48.31 -1.58
Car 0.00 0 1.56 792.16 565.40 899.62 642.89 1.65 2.15 5.03 5.60 1.66 18.11 1.56
Car 0.00 0 1.57 684.28 552.78 745.11 624.76 1.99 1.77 4.44 2.53 1.47 20.98 1.57
Car 0.00 0 1.60 586.01 594.37 789.79 779.19 1.49 2.16 4.79 0.77 1.75 9.19 1.60