Truck 0.00 0 -1.58 670.21 545.17 711.93 576.83 2.10 2.39 6.27 3.83 1.45 46.83 -1.58
Motorcycle 0.00 0 1.59 845.13 580.41 909.86 679.73 1.65 0.77 2.35 4.69 1.71 12.80 1.59
Car 0.00 0 -1.58 637.19 540.84 677.07 571.99 2.43 2.35 6.37 1.52 1.29 53.49 -1.58
Car 0.00 0 1.56 719.79 555.06 752.30 584.24 1.55 1.79 3.71 5.79 1.73 38.30 1.56
Car 0.00 0 1.56 718.63 561.32 739.88 597.71 1.53 0.87 2.19 4.12 1.78 29.39 1.56
Cyclist 0.00 0 1.56 797.31 559.10 819.68 597.06 1.61 0.87 1.51 7.57 1.69 28.83 1.56
Car 0.00 0 1.56 778.78 556.15 821.94 588.38 1.54 2.04 4.97 8.88 1.74 35.81 1.56
Car 0.00 0 -1.58 394.10 576.32 528.28 638.63 1.30 1.89 4.72 -5.02 1.86 18.76 -1.58
Car 0.00 0 1.36 725.37 527.54 779.77 572.46 3.46 2.89 7.94 9.55 0.77 53.55 1.36
Car 0.00 0 1.56 789.09 563.43 874.21 627.69 1.65 2.15 5.03 6.13 1.69 21.05 1.56
Car 0.00 0 1.57 672.94 555.87 745.42 641.06 1.99 1.77 4.44 2.09 1.51 18.27 1.57
Car 0.00 0 1.63 571.12 596.17 776.94 783.52 1.49 2.16 4.79 0.62 1.76 9.10 1.63