Car 0.00 0 3.14 992.55 552.33 1086.31 578.02 1.65 2.15 5.03 27.04 1.69 43.44 3.14
Car 0.00 0 0.01 1031.61 519.58 1234.31 593.04 3.46 2.89 7.94 24.38 0.77 31.93 0.01
Car 0.00 0 3.11 1176.52 554.73 1263.13 577.67 1.47 1.82 4.19 39.29 1.76 43.44 3.11
Car 0.00 0 1.16 660.85 562.45 696.82 601.38 1.53 0.87 2.19 1.70 1.78 27.69 1.16
Car 0.00 0 0.40 854.60 559.69 960.52 594.91 1.49 1.84 4.89 12.94 1.75 30.93 0.40
Car 0.00 0 -0.55 662.71 556.28 769.23 590.07 1.57 1.80 5.37 3.99 1.71 34.07 -0.55
Motorcycle 0.00 0 2.66 750.34 551.27 783.34 573.39 1.65 0.77 2.35 9.71 1.70 49.03 2.66
Car 0.00 0 1.56 787.35 597.75 1137.55 814.72 1.54 2.04 4.97 3.51 1.74 8.31 1.56
Car 0.00 0 3.14 889.80 552.90 917.96 577.35 1.62 0.58 1.66 17.88 1.70 43.38 3.14
Car 0.00 0 1.56 610.01 554.33 671.29 626.42 1.99 1.77 4.44 0.02 1.51 20.75 1.56
Car 0.00 0 1.56 530.25 598.80 750.05 794.78 1.49 2.16 4.79 0.00 1.76 8.70 1.56
Car 0.00 0 -1.62 495.05 567.64 573.86 624.05 1.50 1.85 3.63 -3.32 1.74 20.82 -1.62