Car 0.00 0 0.03 912.38 525.31 1059.71 581.37 3.46 2.89 7.94 22.06 0.83 41.08 0.03
Car 0.00 0 1.56 631.10 555.41 661.32 583.09 1.55 1.79 3.71 0.39 1.78 39.74 1.56
Car 0.00 0 1.22 655.42 558.14 681.83 587.37 1.53 0.87 2.19 1.64 1.83 36.20 1.22
Car 0.00 0 0.50 795.13 556.30 874.91 583.14 1.49 1.84 4.89 12.15 1.81 39.79 0.50
Cyclist 0.00 0 1.56 820.44 591.55 905.53 706.72 1.61 0.87 1.51 3.57 1.70 10.39 1.56
Cyclist 0.00 0 0.01 1198.65 554.44 1234.35 580.16 1.61 0.87 1.51 36.95 1.74 41.04 0.01
Car 0.00 0 -0.55 663.53 554.05 746.85 579.40 1.57 1.80 5.37 4.38 1.77 43.43 -0.55
Car 0.00 0 0.00 1119.31 554.80 1158.39 580.42 1.59 0.87 1.82 31.95 1.76 41.01 0.00
Car 0.00 0 -1.59 337.42 570.37 470.91 636.34 1.51 2.13 4.90 -6.82 1.77 19.20 -1.59
Car 0.00 0 1.56 724.71 571.83 838.05 647.80 1.54 2.04 4.97 3.64 1.76 17.50 1.56
Car 0.00 0 -0.01 1034.09 526.57 1178.59 578.04 3.46 2.89 7.94 32.31 0.83 44.57 -0.01
Car 0.00 0 -1.58 0.00 660.00 347.08 1079.00 1.48 1.97 3.81 -3.52 1.77 3.61 -1.58
Car 0.00 0 3.14 923.89 551.55 947.44 571.60 1.62 0.58 1.66 24.29 1.77 52.59 3.14
Car 0.00 0 1.56 952.02 651.79 1279.00 1079.00 1.65 2.15 5.03 3.50 1.70 2.48 1.56
Car 0.00 0 1.56 621.10 552.95 670.17 609.77 1.99 1.77 4.44 0.23 1.54 25.37 1.56
Car 0.00 0 1.56 580.86 582.31 707.70 687.95 1.49 2.16 4.79 0.10 1.78 13.31 1.56
Car 0.00 0 -2.72 692.13 552.97 744.14 573.44 1.50 1.85 3.63 6.15 1.80 50.38 -2.72