Car 0.00 0 3.14 1034.36 552.41 1125.99 576.85 1.65 2.15 5.03 31.15 1.73 45.40 3.14
Car 0.00 0 0.02 980.98 521.40 1166.76 590.00 3.46 2.89 7.94 22.76 0.80 33.85 0.02
Car 0.00 0 1.56 625.16 556.44 658.74 587.69 1.55 1.79 3.71 0.11 1.76 35.95 1.56
Car 0.00 0 1.16 660.63 561.55 694.35 597.66 1.53 0.87 2.19 1.76 1.80 29.68 1.16
Car 0.00 0 0.45 832.32 559.02 930.45 592.81 1.49 1.84 4.89 12.34 1.78 32.66 0.45
Cyclist 0.00 0 1.57 1153.89 688.00 1279.00 1079.00 1.61 0.87 1.51 3.51 1.69 3.07 1.57
Car 0.00 0 -0.55 662.71 555.98 763.27 587.70 1.57 1.80 5.37 4.06 1.74 36.05 -0.55
Car 0.00 0 0.00 1217.23 557.52 1266.85 588.48 1.59 0.87 1.82 31.82 1.73 33.85 0.00
Motorcycle 0.00 0 3.14 930.73 551.88 966.40 573.93 1.65 0.77 2.35 23.55 1.74 48.86 3.14
Car 0.00 0 1.56 766.85 589.51 1018.42 749.60 1.54 2.04 4.97 3.52 1.75 10.17 1.56
Car 0.00 0 -0.00 1221.22 523.33 1279.00 585.10 3.46 2.89 7.94 39.27 0.80 37.43 -0.00
Car 0.00 0 3.14 963.31 552.93 991.12 576.21 1.62 0.58 1.66 23.89 1.74 45.36 3.14
Car 0.00 0 1.56 613.94 554.05 669.49 618.38 1.99 1.77 4.44 0.06 1.52 22.67 1.56
Car 0.00 0 1.56 557.10 590.61 725.26 735.36 1.49 2.16 4.79 0.02 1.77 10.63 1.56
Car 0.00 0 -2.57 673.18 554.86 734.42 580.21 1.50 1.85 3.63 4.19 1.77 41.93 -2.57