Car 0.00 0 -3.13 849.10 552.40 935.90 578.10 1.65 2.15 5.03 17.03 1.69 43.34 -3.13
Car 0.00 0 -0.00 1172.85 519.62 1279.00 592.84 3.46 2.89 7.94 31.79 0.77 31.98 -0.00
Car 0.00 0 3.14 1027.39 554.74 1106.99 577.63 1.47 1.82 4.19 28.94 1.76 43.44 3.14
Car 0.00 0 1.16 660.85 562.45 696.82 601.38 1.53 0.87 2.19 1.70 1.78 27.69 1.16
Car 0.00 0 0.04 988.65 559.73 1109.55 591.96 1.49 1.84 4.89 20.21 1.75 31.74 0.04
Cyclist 0.00 0 1.56 894.67 613.44 1045.93 797.92 1.61 0.87 1.51 3.50 1.69 6.95 1.56
Car 0.00 0 -0.38 719.28 557.04 830.44 591.39 1.57 1.80 5.37 6.92 1.71 32.90 -0.38
Car 0.00 0 1.50 726.23 569.28 822.31 638.85 1.54 2.04 4.97 3.73 1.73 18.71 1.50
Car 0.00 0 -2.93 738.67 553.03 765.52 578.27 1.62 0.58 1.66 7.45 1.70 42.57 -2.93
Car 0.00 0 1.56 610.01 554.33 671.29 626.42 1.99 1.77 4.44 0.02 1.51 20.75 1.56
Car 0.00 0 1.56 530.33 598.76 749.97 794.56 1.49 2.16 4.79 0.00 1.76 8.70 1.56
Car 0.00 0 -1.59 180.12 605.09 473.11 799.44 1.50 1.85 3.63 -3.48 1.74 7.95 -1.59