Car 0.00 0 -1.59 381.55 573.99 546.60 682.54 1.65 2.15 5.03 -3.47 1.69 13.82 -1.59
Cyclist 0.00 0 -0.40 720.94 556.40 753.19 587.84 1.61 0.87 1.51 5.14 1.69 33.86 -0.40
Car 0.00 0 -2.67 631.72 555.63 703.85 581.47 1.47 1.82 4.19 1.76 1.76 40.30 -2.67
Car 0.00 0 -0.00 1176.91 558.00 1230.11 586.45 1.53 0.87 2.19 31.22 1.78 35.48 -0.00
Cyclist 0.00 0 1.56 837.54 596.87 938.35 729.54 1.61 0.87 1.51 3.50 1.69 9.18 1.56
Car 0.00 0 -0.00 1264.62 557.48 1279.00 592.12 1.57 1.80 5.37 34.79 1.72 32.00 -0.00
Car 0.00 0 3.12 976.68 556.15 1055.65 577.84 1.39 1.99 4.18 25.46 1.81 43.42 3.12
Car 0.00 0 0.03 1021.88 558.75 1149.50 592.25 1.54 2.04 4.97 22.05 1.74 31.80 0.03
Car 0.00 0 -1.59 0.00 604.68 153.77 766.69 1.62 0.58 1.66 -6.95 1.70 7.94 -1.59
Car 0.00 0 1.56 975.78 660.31 1279.00 1079.00 1.65 2.15 5.03 3.50 1.69 2.10 1.56
Car 0.00 0 1.56 619.84 550.32 661.56 598.89 1.99 1.77 4.44 0.03 1.51 29.45 1.56
Car 0.00 0 1.56 530.43 598.74 749.87 794.37 1.49 2.16 4.79 0.00 1.76 8.71 1.56