Car 0.00 0 -2.10 569.96 555.26 655.87 591.92 1.65 2.15 5.03 -1.31 1.69 33.66 -2.10
Cyclist 0.00 0 -1.40 590.85 552.59 605.97 577.15 1.61 0.87 1.51 -2.85 1.68 43.76 -1.40
Car 0.00 0 -3.10 793.25 554.82 863.61 577.89 1.47 1.82 4.19 12.68 1.76 43.21 -3.10
Car 0.00 0 0.05 872.44 558.03 918.45 586.72 1.53 0.87 2.19 14.09 1.78 35.33 0.05
Cyclist 0.00 0 1.56 837.63 596.89 938.51 729.64 1.61 0.87 1.51 3.50 1.69 9.18 1.56
Car 0.00 0 -0.01 1029.53 557.89 1162.73 591.56 1.57 1.80 5.37 22.66 1.71 31.93 -0.01
Car 0.00 0 3.12 987.93 556.14 1067.45 577.85 1.39 1.99 4.18 26.24 1.81 43.42 3.12
Car 0.00 0 0.67 805.13 559.06 905.48 599.16 1.54 2.04 4.97 10.03 1.74 29.64 0.67
Car 0.00 0 -1.73 487.30 559.13 515.29 599.02 1.62 0.58 1.66 -6.11 1.70 28.28 -1.73
Car 0.00 0 1.56 975.78 660.31 1279.00 1079.00 1.65 2.15 5.03 3.50 1.69 2.10 1.56
Car 0.00 0 1.56 616.41 551.82 664.93 608.38 1.99 1.77 4.44 0.03 1.51 25.63 1.56
Car 0.00 0 1.56 530.36 598.75 749.94 794.48 1.49 2.16 4.79 0.00 1.76 8.70 1.56