Car 0.00 0 3.14 946.60 552.36 1038.10 578.02 1.65 2.15 5.03 23.83 1.69 43.42 3.14
Car 0.00 0 -0.00 1097.71 519.77 1279.00 592.47 3.46 2.89 7.94 27.85 0.77 31.96 -0.00
Car 0.00 0 3.13 1142.62 554.74 1227.33 577.62 1.47 1.82 4.19 36.94 1.76 43.45 3.13
Car 0.00 0 1.16 660.85 562.45 696.82 601.38 1.53 0.87 2.19 1.70 1.78 27.69 1.16
Car 0.00 0 0.29 874.70 559.40 985.07 594.38 1.49 1.84 4.89 14.12 1.75 31.20 0.29
Car 0.00 0 -0.55 662.71 556.28 769.23 590.07 1.57 1.80 5.37 3.99 1.71 34.07 -0.55
Motorcycle 0.00 0 2.21 698.40 550.41 725.53 571.27 1.65 0.77 2.35 5.89 1.70 52.55 2.21
Car 0.00 0 1.56 756.18 585.36 971.35 723.05 1.54 2.04 4.97 3.51 1.74 11.23 1.56
Car 0.00 0 -3.10 840.84 552.94 868.27 577.41 1.62 0.58 1.66 14.51 1.70 43.30 -3.10
Car 0.00 0 1.56 610.01 554.33 671.29 626.42 1.99 1.77 4.44 0.02 1.51 20.75 1.56
Car 0.00 0 1.56 530.26 598.78 750.03 794.71 1.49 2.16 4.79 0.00 1.76 8.70 1.56
Car 0.00 0 -1.60 452.48 574.41 555.05 647.29 1.50 1.85 3.63 -3.40 1.74 16.64 -1.60