Car 0.00 0 -1.58 0.00 624.83 403.04 1079.00 1.65 2.15 5.03 -3.50 1.69 4.03 -1.58
Cyclist 0.00 0 -0.07 851.76 557.36 887.76 589.97 1.61 0.87 1.51 11.56 1.69 32.24 -0.07
Car 0.00 0 -2.12 513.30 558.35 591.03 591.01 1.47 1.82 4.19 -4.53 1.76 33.59 -2.12
Car 0.00 0 -0.00 1270.28 557.90 1279.00 586.50 1.53 0.87 2.19 36.50 1.78 35.52 -0.00
Cyclist 0.00 0 1.56 837.51 596.86 938.28 729.50 1.61 0.87 1.51 3.50 1.69 9.19 1.56
Car 0.00 0 -0.00 1264.89 557.93 1279.00 591.43 1.57 1.80 5.37 34.79 1.71 32.00 -0.00
Car 0.00 0 3.13 971.83 556.16 1050.52 577.83 1.39 1.99 4.18 25.12 1.81 43.42 3.13
Car 0.00 0 0.02 1075.81 558.75 1206.53 592.08 1.54 2.04 4.97 24.85 1.73 31.85 0.02
Car 0.00 0 1.56 975.78 660.31 1279.00 1079.00 1.65 2.15 5.03 3.50 1.69 2.10 1.56
Car 0.00 0 1.56 620.52 550.05 660.88 596.93 1.99 1.77 4.44 0.03 1.51 30.36 1.56
Car 0.00 0 1.56 530.45 598.72 749.86 794.30 1.49 2.16 4.79 0.00 1.76 8.71 1.56