Truck 0.00 0 -1.57 0.00 598.66 301.27 1079.00 2.10 2.39 6.27 -3.57 1.45 1.24 -1.57
Car 0.00 0 -1.58 0.00 543.29 374.93 771.91 2.43 2.35 6.37 -6.79 1.29 10.13 -1.58
Car 0.00 0 0.03 899.10 526.16 1029.68 575.84 3.46 2.89 7.94 23.20 0.77 46.07 0.03
Car 0.00 0 1.56 648.00 552.86 674.38 576.46 1.55 1.79 3.71 1.51 1.71 45.28 1.56
Car 0.00 0 1.53 653.56 557.68 670.48 588.01 1.53 0.87 2.19 1.22 1.77 35.03 1.53
Car 0.00 0 0.50 792.56 553.66 863.95 577.02 1.49 1.84 4.89 13.26 1.75 45.02 0.50
Cyclist 0.00 0 1.56 776.13 573.91 824.54 645.81 1.61 0.87 1.51 3.94 1.69 15.85 1.56
Cyclist 0.00 0 0.01 1158.50 552.23 1189.92 575.31 1.61 0.87 1.51 38.09 1.69 45.65 0.01
Car 0.00 0 -0.91 637.69 550.90 697.21 572.40 1.57 1.80 5.37 2.14 1.70 51.59 -0.91
Car 0.00 0 0.01 1060.88 552.59 1094.66 575.29 1.59 0.87 1.82 31.31 1.70 45.78 0.01
Car 0.00 0 -1.60 502.51 556.74 561.51 589.25 1.51 2.13 4.90 -5.78 1.74 34.92 -1.60
Car 0.00 0 1.56 721.95 564.20 800.69 618.41 1.54 2.04 4.97 4.20 1.73 22.95 1.56
Car 0.00 0 -0.01 906.62 527.15 1028.68 573.33 3.46 2.89 7.94 25.22 0.77 49.56 -0.01
Car 0.00 0 -1.58 489.58 571.27 581.32 633.94 1.48 1.97 3.81 -2.96 1.76 18.96 -1.58
Car 0.00 0 1.56 803.18 592.80 1192.33 838.46 1.65 2.15 5.03 3.67 1.69 7.95 1.56
Car 0.00 0 1.56 634.18 552.00 684.41 610.84 1.99 1.77 4.44 0.76 1.50 24.85 1.56
Car 0.00 0 1.56 588.88 582.72 722.62 695.47 1.49 2.16 4.79 0.33 1.76 12.75 1.56
Car 0.00 0 -2.72 703.01 550.87 750.11 569.22 1.50 1.85 3.63 7.54 1.72 55.77 -2.72