Truck 0.00 0 -1.58 447.62 553.25 608.82 665.05 2.10 2.39 6.27 -2.42 1.45 16.03 -1.58
Motorcycle 0.00 0 1.59 959.94 622.02 1217.01 900.11 1.65 0.77 2.35 3.75 1.70 5.69 1.59
Car 0.00 0 -1.58 442.17 541.49 555.09 615.69 2.43 2.35 6.37 -5.12 1.28 24.41 -1.58
Car 0.00 0 0.03 912.33 527.33 1031.66 572.34 3.46 2.89 7.94 26.25 0.76 50.90 0.03
Car 0.00 0 1.56 683.61 551.88 708.31 574.23 1.55 1.79 3.71 4.25 1.71 48.37 1.56
Car 0.00 0 1.56 685.88 557.33 701.83 586.41 1.53 0.87 2.19 3.04 1.77 36.03 1.56
Car 0.00 0 0.50 813.60 552.16 878.70 572.69 1.49 1.84 4.89 16.26 1.74 50.46 0.50
Cyclist 0.00 0 1.56 776.37 564.70 808.39 615.44 1.61 0.87 1.51 5.20 1.68 21.91 1.56
Car 0.00 0 -1.75 588.20 551.94 633.85 573.97 1.51 2.13 4.90 -2.17 1.73 49.49 -1.75
Car 0.00 0 1.56 743.44 559.44 801.39 600.55 1.54 2.04 4.97 5.88 1.73 28.98 1.56
Car 0.00 0 0.03 837.70 528.27 943.35 569.87 3.46 2.89 7.94 21.36 0.75 54.92 0.03
Car 0.00 0 -1.58 602.16 558.26 648.18 590.52 1.48 1.97 3.81 -0.71 1.75 33.56 -1.58
Car 0.00 0 1.56 778.82 573.16 935.66 680.77 1.65 2.15 5.03 4.45 1.69 14.04 1.56
Car 0.00 0 1.56 666.02 551.57 714.20 607.76 1.99 1.77 4.44 2.06 1.50 25.85 1.56
Car 0.00 0 1.57 612.38 582.36 745.26 695.08 1.49 2.16 4.79 0.83 1.76 12.82 1.57