Car 0.00 0 3.14 1004.94 550.97 1087.58 573.28 1.65 2.15 5.03 31.35 1.69 49.49 3.14
Car 0.00 0 0.03 932.65 523.23 1093.86 584.11 3.46 2.89 7.94 21.98 0.77 37.97 0.03
Car 0.00 0 1.56 627.85 555.62 660.58 585.99 1.55 1.79 3.71 0.25 1.73 36.83 1.56
Car 0.00 0 1.16 660.48 558.47 690.35 589.87 1.53 0.87 2.19 1.90 1.78 33.89 1.16
Car 0.00 0 0.50 806.07 556.76 892.26 586.19 1.49 1.84 4.89 12.00 1.76 36.64 0.50
Cyclist 0.00 0 1.56 889.17 611.03 1032.63 787.55 1.61 0.87 1.51 3.53 1.69 7.21 1.56
Cyclist 0.00 0 0.01 1240.59 554.72 1279.00 582.55 1.61 0.87 1.51 36.80 1.69 37.98 0.01
Car 0.00 0 -0.55 662.95 553.96 752.80 582.01 1.57 1.80 5.37 4.23 1.71 40.26 -0.55
Car 0.00 0 0.00 1158.17 555.20 1201.11 582.77 1.59 0.87 1.82 31.98 1.71 37.94 0.00
Car 0.00 0 -1.58 105.39 583.57 381.76 707.49 1.51 2.13 4.90 -6.93 1.75 12.04 -1.58
Motorcycle 0.00 0 3.14 911.61 550.51 944.22 570.82 1.65 0.77 2.35 23.83 1.71 52.99 3.14
Car 0.00 0 1.56 737.95 576.92 888.21 675.72 1.54 2.04 4.97 3.58 1.74 14.32 1.56
Car 0.00 0 -0.01 1098.63 524.69 1258.75 580.05 3.46 2.89 7.94 34.74 0.77 41.50 -0.01
Car 0.00 0 3.14 939.10 551.41 964.29 572.73 1.62 0.58 1.66 24.09 1.70 49.49 3.14
Car 0.00 0 1.56 617.83 552.53 669.94 613.68 1.99 1.77 4.44 0.15 1.51 24.02 1.56
Car 0.00 0 1.56 576.50 582.99 709.66 694.39 1.49 2.16 4.79 0.07 1.76 12.79 1.56
Car 0.00 0 -2.67 687.62 553.07 743.19 575.12 1.50 1.85 3.63 5.53 1.74 46.94 -2.67