Car 0.00 0 3.14 983.30 552.34 1076.61 578.02 1.65 2.15 5.03 26.39 1.69 43.44 3.14
Car 0.00 0 0.01 1048.04 519.72 1252.27 592.81 3.46 2.89 7.94 25.24 0.77 31.94 0.01
Car 0.00 0 3.11 1171.15 554.73 1257.44 577.65 1.47 1.82 4.19 38.92 1.76 43.45 3.11
Car 0.00 0 1.16 660.85 562.45 696.82 601.38 1.53 0.87 2.19 1.70 1.78 27.69 1.16
Car 0.00 0 0.39 855.21 559.64 961.45 594.95 1.49 1.84 4.89 12.98 1.75 30.94 0.39
Car 0.00 0 -0.55 662.71 556.28 769.23 590.07 1.57 1.80 5.37 3.99 1.71 34.07 -0.55
Motorcycle 0.00 0 2.55 736.42 551.09 768.85 572.95 1.65 0.77 2.35 8.74 1.70 49.68 2.55
Car 0.00 0 1.56 783.66 596.50 1115.65 802.07 1.54 2.04 4.97 3.51 1.74 8.58 1.56
Car 0.00 0 3.14 879.27 552.91 907.28 577.34 1.62 0.58 1.66 17.16 1.70 43.38 3.14
Car 0.00 0 1.56 610.01 554.33 671.29 626.42 1.99 1.77 4.44 0.02 1.51 20.75 1.56
Car 0.00 0 1.56 530.26 598.78 750.03 794.72 1.49 2.16 4.79 0.00 1.76 8.70 1.56
Car 0.00 0 -1.61 487.73 568.87 570.31 627.83 1.50 1.85 3.63 -3.35 1.74 19.98 -1.61