Car 0.00 0 3.14 997.79 551.20 1078.34 573.01 1.65 2.15 5.03 31.38 1.73 50.57 3.14
Car 0.00 0 0.03 924.14 524.11 1080.10 583.22 3.46 2.89 7.94 21.94 0.80 39.06 0.03
Car 0.00 0 1.56 628.61 555.73 660.51 585.25 1.55 1.79 3.71 0.27 1.75 37.74 1.56
Car 0.00 0 1.16 660.42 558.21 689.33 588.88 1.53 0.87 2.19 1.93 1.81 34.99 1.16
Car 0.00 0 0.50 801.69 556.75 885.53 585.23 1.49 1.84 4.89 12.03 1.78 37.73 0.50
Cyclist 0.00 0 1.56 859.48 602.87 976.10 752.03 1.61 0.87 1.51 3.54 1.70 8.31 1.56
Cyclist 0.00 0 0.01 1224.73 554.78 1262.79 581.82 1.61 0.87 1.51 36.83 1.72 39.06 0.01
Car 0.00 0 -0.55 662.83 554.07 750.25 581.29 1.57 1.80 5.37 4.26 1.74 41.36 -0.55
Car 0.00 0 0.00 1144.44 555.21 1185.96 582.07 1.59 0.87 1.82 32.00 1.74 39.02 0.00
Car 0.00 0 -1.58 207.30 578.31 417.16 676.23 1.51 2.13 4.90 -6.91 1.76 14.27 -1.58
Motorcycle 0.00 0 3.14 906.69 550.76 938.57 570.66 1.65 0.77 2.35 23.87 1.74 54.07 3.14
Car 0.00 0 1.56 732.43 575.10 867.64 664.65 1.54 2.04 4.97 3.59 1.75 15.42 1.56
Car 0.00 0 -0.01 1075.61 525.55 1229.99 579.47 3.46 2.89 7.94 33.93 0.80 42.57 -0.01
Car 0.00 0 3.14 933.20 551.63 957.79 572.48 1.62 0.58 1.66 24.13 1.74 50.57 3.14
Car 0.00 0 1.56 1171.10 730.68 1279.00 1079.00 1.65 2.15 5.03 3.49 1.69 0.40 1.56
Car 0.00 0 1.56 618.63 552.75 669.68 612.69 1.99 1.77 4.44 0.16 1.53 24.47 1.56
Car 0.00 0 1.56 578.43 582.59 707.92 690.65 1.49 2.16 4.79 0.07 1.77 13.09 1.56
Car 0.00 0 -2.69 689.67 553.21 743.95 574.62 1.50 1.85 3.63 5.78 1.77 48.17 -2.69