Car 0.00 0 -1.59 433.66 568.75 561.19 654.26 1.65 2.15 5.03 -3.46 1.69 16.64 -1.59
Cyclist 0.00 0 -0.57 684.42 555.94 716.89 586.69 1.61 0.87 1.51 3.30 1.69 34.80 -0.57
Car 0.00 0 -2.76 656.81 555.35 727.92 580.40 1.47 1.82 4.19 3.37 1.76 41.18 -2.76
Car 0.00 0 -0.01 1135.06 558.00 1187.29 586.46 1.53 0.87 2.19 28.87 1.78 35.47 -0.01
Cyclist 0.00 0 1.56 837.54 596.87 938.35 729.54 1.61 0.87 1.51 3.50 1.69 9.18 1.56
Car 0.00 0 -0.00 1223.63 557.84 1279.00 591.47 1.57 1.80 5.37 32.66 1.71 31.99 -0.00
Car 0.00 0 3.12 978.33 556.15 1057.37 577.85 1.39 1.99 4.18 25.57 1.81 43.42 3.12
Car 0.00 0 0.06 972.61 558.51 1096.96 592.28 1.54 2.04 4.97 19.48 1.73 31.71 0.06
Car 0.00 0 -1.59 195.62 586.96 288.74 694.85 1.62 0.58 1.66 -6.92 1.70 11.23 -1.59
Car 0.00 0 1.56 975.78 660.31 1279.00 1079.00 1.65 2.15 5.03 3.50 1.69 2.10 1.56
Car 0.00 0 1.56 619.05 550.69 662.33 601.04 1.99 1.77 4.44 0.03 1.51 28.46 1.56
Car 0.00 0 1.56 530.43 598.73 749.87 794.34 1.49 2.16 4.79 0.00 1.76 8.71 1.56