Car 0.00 0 -1.91 541.61 556.69 626.17 597.89 1.65 2.15 5.03 -2.54 1.69 30.49 -1.91
Cyclist 0.00 0 -1.26 594.99 553.09 614.47 578.86 1.61 0.87 1.51 -2.31 1.69 41.81 -1.26
Car 0.00 0 -3.09 762.62 554.89 832.11 577.99 1.47 1.82 4.19 10.55 1.76 43.08 -3.09
Car 0.00 0 0.01 924.28 557.98 971.47 586.57 1.53 0.87 2.19 17.02 1.78 35.42 0.01
Cyclist 0.00 0 1.56 837.56 596.88 938.38 729.56 1.61 0.87 1.51 3.50 1.69 9.18 1.56
Car 0.00 0 -0.01 1067.58 557.85 1202.89 591.57 1.57 1.80 5.37 24.62 1.71 31.94 -0.01
Car 0.00 0 3.12 981.66 556.14 1060.87 577.83 1.39 1.99 4.18 25.80 1.81 43.42 3.12
Car 0.00 0 0.55 822.28 559.26 927.55 596.65 1.54 2.04 4.97 11.14 1.73 30.26 0.55
Car 0.00 0 -1.64 459.30 561.72 488.46 606.69 1.62 0.58 1.66 -6.48 1.70 25.04 -1.64
Car 0.00 0 1.56 975.78 660.31 1279.00 1079.00 1.65 2.15 5.03 3.50 1.69 2.10 1.56
Car 0.00 0 1.56 616.63 551.80 664.61 607.46 1.99 1.77 4.44 0.03 1.51 25.90 1.56
Car 0.00 0 1.56 530.36 598.75 749.94 794.48 1.49 2.16 4.79 0.00 1.76 8.70 1.56