Car 0.00 0 3.14 968.82 552.37 1061.42 578.00 1.65 2.15 5.03 25.38 1.69 43.43 3.14
Car 0.00 0 0.00 1070.36 519.63 1276.85 592.55 3.46 2.89 7.94 26.41 0.77 31.95 0.00
Car 0.00 0 3.12 1160.75 554.74 1246.41 577.64 1.47 1.82 4.19 38.20 1.76 43.45 3.12
Car 0.00 0 1.16 660.85 562.45 696.82 601.38 1.53 0.87 2.19 1.70 1.78 27.69 1.16
Car 0.00 0 0.36 859.88 559.53 967.49 594.85 1.49 1.84 4.89 13.26 1.75 31.01 0.36
Car 0.00 0 -0.55 662.71 556.28 769.23 590.07 1.57 1.80 5.37 3.99 1.71 34.07 -0.55
Motorcycle 0.00 0 2.42 716.62 550.77 747.36 572.27 1.65 0.77 2.35 7.30 1.70 50.86 2.42
Car 0.00 0 1.56 773.87 592.82 1059.39 770.53 1.54 2.04 4.97 3.51 1.73 9.40 1.56
Car 0.00 0 3.14 862.82 552.92 890.60 577.34 1.62 0.58 1.66 16.03 1.70 43.37 3.14
Car 0.00 0 1.56 610.01 554.33 671.29 626.42 1.99 1.77 4.44 0.02 1.51 20.75 1.56
Car 0.00 0 1.56 530.26 598.78 750.03 794.71 1.49 2.16 4.79 0.00 1.76 8.70 1.56
Car 0.00 0 -1.60 475.64 570.88 564.57 634.61 1.50 1.85 3.63 -3.37 1.74 18.65 -1.60