Car 0.00 0 -1.00 590.85 579.36 708.39 676.52 -1.00 -1.00 -1.00 -1.00 -1.00 -1.00 -1.00
Car 0.00 0 -1.00 570.84 628.27 729.93 810.41 -1.00 -1.00 -1.00 -1.00 -1.00 -1.00 -1.00
Car 0.00 0 -1.00 543.29 557.51 604.97 600.36 -1.00 -1.00 -1.00 -1.00 -1.00 -1.00 -1.00
Cyclist 0.00 0 -1.00 700.06 551.62 723.28 573.55 -1.00 -1.00 -1.00 -1.00 -1.00 -1.00 -1.00
Motorcycle 0.00 0 -1.00 868.61 602.58 1018.87 781.84 -1.00 -1.00 -1.00 -1.00 -1.00 -1.00 -1.00
Car 0.00 0 -1.00 655.51 551.72 708.86 570.14 -1.00 -1.00 -1.00 -1.00 -1.00 -1.00 -1.00
Car 0.00 0 -1.00 1031.12 553.18 1067.16 573.64 -1.00 -1.00 -1.00 -1.00 -1.00 -1.00 -1.00
Cyclist 0.00 0 -1.00 734.00 563.58 763.89 611.08 -1.00 -1.00 -1.00 -1.00 -1.00 -1.00 -1.00
Car 0.00 0 -1.00 1090.55 552.80 1186.66 576.07 -1.00 -1.00 -1.00 -1.00 -1.00 -1.00 -1.00
Car 0.00 0 -1.00 908.70 553.31 992.65 576.20 -1.00 -1.00 -1.00 -1.00 -1.00 -1.00 -1.00
Car 0.00 0 -1.00 448.23 563.25 477.93 610.88 -1.00 -1.00 -1.00 -1.00 -1.00 -1.00 -1.00
Car 0.00 0 -1.00 734.34 569.71 864.97 658.28 -1.00 -1.00 -1.00 -1.00 -1.00 -1.00 -1.00
Car 0.00 0 -1.00 639.87 547.21 667.62 579.34 -1.00 -1.00 -1.00 -1.00 -1.00 -1.00 -1.00
Car 0.00 0 -1.00 617.98 565.84 685.68 618.57 -1.00 -1.00 -1.00 -1.00 -1.00 -1.00 -1.00