Truck 0.00 0 -1.58 657.51 546.26 705.54 582.26 2.10 2.39 6.27 2.81 1.49 41.66 -1.58
Motorcycle 0.00 0 1.59 846.09 581.34 912.12 682.06 1.65 0.77 2.35 4.66 1.72 12.65 1.59
Car 0.00 0 -1.58 623.64 541.40 668.60 575.82 2.43 2.35 6.37 0.57 1.33 48.74 -1.58
Car 0.00 0 1.56 722.37 554.49 752.14 580.93 1.55 1.79 3.71 6.35 1.76 41.55 1.56
Car 0.00 0 1.56 721.76 559.97 740.95 592.95 1.53 0.87 2.19 4.62 1.81 32.23 1.56
Car 0.00 0 0.50 849.58 551.70 909.90 569.88 1.49 1.84 4.89 21.03 1.80 56.16 0.50
Cyclist 0.00 0 1.56 796.90 559.68 819.42 597.85 1.61 0.87 1.51 7.52 1.71 28.68 1.56
Car 0.00 0 1.56 778.13 556.70 821.55 589.08 1.54 2.04 4.97 8.82 1.77 35.67 1.56
Car 0.00 0 -1.56 208.07 590.29 442.26 692.75 1.30 1.89 4.72 -6.00 1.87 13.01 -1.56
Car 0.00 0 1.10 737.81 528.83 806.65 570.69 3.46 2.89 7.94 11.90 0.82 56.97 1.10
Car 0.00 0 -1.58 691.44 551.47 716.86 569.19 1.48 1.97 3.81 5.83 1.81 57.86 -1.58
Car 0.00 0 1.56 788.82 564.06 874.87 628.89 1.65 2.15 5.03 6.09 1.71 20.90 1.56
Car 0.00 0 1.73 768.83 196.00 1279.00 1010.32 4.25 3.94 10.27 3.32 0.38 1.78 1.73
Car 0.00 0 1.57 679.41 555.35 745.91 632.59 1.99 1.77 4.44 2.35 1.53 19.78 1.57
Car 0.00 0 1.61 589.19 592.08 768.15 752.21 1.49 2.16 4.79 0.76 1.77 10.11 1.61