Car 0.00 0 3.14 1049.01 552.36 1145.52 577.96 1.65 2.15 5.03 30.98 1.69 43.47 3.14
Car 0.00 0 0.02 999.68 519.75 1198.72 592.75 3.46 2.89 7.94 22.69 0.77 31.91 0.02
Car 0.00 0 3.11 1184.57 554.76 1271.64 577.64 1.47 1.82 4.19 39.85 1.76 43.44 3.11
Car 0.00 0 1.16 660.85 562.45 696.82 601.38 1.53 0.87 2.19 1.70 1.78 27.69 1.16
Car 0.00 0 0.40 854.54 559.70 960.46 594.91 1.49 1.84 4.89 12.94 1.75 30.93 0.40
Car 0.00 0 -0.55 662.71 556.28 769.23 590.07 1.57 1.80 5.37 3.99 1.71 34.07 -0.55
Car 0.00 0 0.00 1253.24 557.92 1279.00 590.91 1.59 0.87 1.82 31.91 1.71 31.93 0.00
Motorcycle 0.00 0 3.08 855.71 551.82 891.72 574.64 1.65 0.77 2.35 17.16 1.70 47.01 3.08
Car 0.00 0 1.56 789.05 598.09 1148.27 821.63 1.54 2.04 4.97 3.51 1.74 8.19 1.56
Car 0.00 0 3.14 942.08 552.91 970.90 577.31 1.62 0.58 1.66 21.46 1.70 43.41 3.14
Car 0.00 0 1.56 610.01 554.33 671.29 626.42 1.99 1.77 4.44 0.02 1.51 20.75 1.56
Car 0.00 0 1.56 530.23 598.79 750.06 794.79 1.49 2.16 4.79 0.00 1.76 8.69 1.56
Car 0.00 0 -1.74 539.46 561.30 603.02 601.53 1.50 1.85 3.63 -2.90 1.74 27.77 -1.74