Car 0.00 0 3.14 1004.08 552.37 1098.40 577.98 1.65 2.15 5.03 27.84 1.69 43.45 3.14
Car 0.00 0 0.01 1017.46 519.55 1218.72 593.12 3.46 2.89 7.94 23.63 0.77 31.92 0.01
Car 0.00 0 3.11 1180.61 554.73 1267.46 577.67 1.47 1.82 4.19 39.58 1.76 43.44 3.11
Car 0.00 0 1.16 660.85 562.45 696.82 601.38 1.53 0.87 2.19 1.70 1.78 27.69 1.16
Car 0.00 0 0.40 854.54 559.70 960.46 594.91 1.49 1.84 4.89 12.94 1.75 30.93 0.40
Car 0.00 0 -0.55 662.71 556.28 769.23 590.07 1.57 1.80 5.37 3.99 1.71 34.07 -0.55
Motorcycle 0.00 0 2.73 765.23 551.39 798.42 573.69 1.65 0.77 2.35 10.75 1.70 48.50 2.73
Car 0.00 0 1.56 788.94 598.09 1147.18 820.90 1.54 2.04 4.97 3.51 1.74 8.20 1.56
Car 0.00 0 3.14 899.84 552.89 928.15 577.35 1.62 0.58 1.66 18.57 1.70 43.39 3.14
Car 0.00 0 1.56 610.01 554.33 671.29 626.42 1.99 1.77 4.44 0.02 1.51 20.75 1.56
Car 0.00 0 1.56 530.25 598.78 750.05 794.75 1.49 2.16 4.79 0.00 1.76 8.70 1.56
Car 0.00 0 -1.62 502.42 566.54 577.35 620.27 1.50 1.85 3.63 -3.29 1.74 21.72 -1.62