Car 0.00 0 3.14 1050.15 551.76 1146.64 577.32 1.65 2.15 5.03 31.07 1.65 43.49 3.14
Car 0.00 0 0.02 999.58 519.24 1198.48 592.19 3.46 2.89 7.94 22.70 0.74 31.93 0.02
Car 0.00 0 1.56 624.88 554.64 657.09 584.70 1.55 1.79 3.71 0.06 1.69 37.40 1.56
Car 0.00 0 3.11 1184.52 554.15 1271.58 577.01 1.47 1.82 4.19 39.86 1.72 43.46 3.11
Car 0.00 0 1.16 661.03 561.82 696.97 600.70 1.53 0.87 2.19 1.71 1.75 27.73 1.16
Car 0.00 0 0.40 854.50 559.35 960.54 593.87 1.49 1.84 4.89 12.95 1.72 30.96 0.40
Car 0.00 0 -0.55 662.89 555.66 769.33 589.42 1.57 1.80 5.37 4.00 1.68 34.11 -0.55
Car 0.00 0 0.00 1250.09 557.36 1279.00 590.22 1.59 0.87 1.82 31.77 1.68 31.95 0.00
Motorcycle 0.00 0 3.14 941.04 551.18 978.30 574.14 1.65 0.77 2.35 23.44 1.66 46.95 3.14
Car 0.00 0 1.56 788.81 597.33 1145.66 819.45 1.54 2.04 4.97 3.51 1.73 8.22 1.56
Car 0.00 0 -0.00 1276.63 521.02 1279.00 586.53 3.46 2.89 7.94 40.76 0.73 35.55 -0.00
Car 0.00 0 3.14 976.40 552.31 1005.58 576.64 1.62 0.58 1.66 23.82 1.66 43.45 3.14
Car 0.00 0 1.56 610.27 553.68 671.45 625.73 1.99 1.77 4.44 0.03 1.49 20.79 1.56
Car 0.00 0 1.56 530.10 598.29 750.56 794.89 1.49 2.16 4.79 0.01 1.75 8.68 1.56
Car 0.00 0 -2.57 673.75 554.46 737.89 581.01 1.50 1.85 3.63 4.12 1.70 39.98 -2.57