Car 0.00 0 3.14 994.40 551.21 1073.93 572.78 1.65 2.15 5.03 31.41 1.74 51.11 3.14
Car 0.00 0 0.03 920.66 524.47 1074.16 582.72 3.46 2.89 7.94 21.96 0.81 39.61 0.03
Car 0.00 0 1.56 629.12 555.70 660.57 584.66 1.55 1.79 3.71 0.29 1.76 38.25 1.56
Car 0.00 0 1.16 659.90 558.20 688.58 588.17 1.53 0.87 2.19 1.92 1.81 35.49 1.16
Car 0.00 0 0.50 799.67 556.65 882.37 584.66 1.49 1.84 4.89 12.05 1.79 38.29 0.50
Cyclist 0.00 0 1.56 847.07 599.35 953.26 737.54 1.61 0.87 1.51 3.54 1.70 8.87 1.56
Cyclist 0.00 0 0.01 1217.16 554.70 1254.53 581.37 1.61 0.87 1.51 36.85 1.73 39.60 0.01
Car 0.00 0 -0.55 662.88 554.04 749.12 580.82 1.57 1.80 5.37 4.28 1.75 41.92 -0.55
Car 0.00 0 0.00 1137.42 555.15 1178.17 581.60 1.59 0.87 1.82 31.99 1.75 39.56 0.00
Car 0.00 0 -1.59 248.59 575.89 433.04 663.55 1.51 2.13 4.90 -6.89 1.76 15.50 -1.59
Motorcycle 0.00 0 3.14 904.39 550.78 935.92 570.47 1.65 0.77 2.35 23.90 1.75 54.62 3.14
Car 0.00 0 1.56 729.99 574.17 858.55 659.61 1.54 2.04 4.97 3.60 1.75 15.98 1.56
Car 0.00 0 -0.01 1064.02 525.83 1215.61 579.11 3.46 2.89 7.94 33.50 0.81 43.12 -0.01
Car 0.00 0 3.14 930.42 551.63 954.72 572.26 1.62 0.58 1.66 24.16 1.75 51.12 3.14
Car 0.00 0 1.56 1085.87 700.11 1279.00 1079.00 1.65 2.15 5.03 3.49 1.69 0.96 1.56
Car 0.00 0 1.56 619.16 552.81 669.65 611.94 1.99 1.77 4.44 0.17 1.53 24.71 1.56
Car 0.00 0 1.56 579.23 582.38 707.43 689.34 1.49 2.16 4.79 0.07 1.78 13.20 1.56
Car 0.00 0 -2.70 690.49 553.19 744.14 574.28 1.50 1.85 3.63 5.89 1.78 48.79 -2.70