Car 0.00 0 -1.60 455.24 566.54 568.30 642.27 1.65 2.15 5.03 -3.44 1.69 18.29 -1.60
Cyclist 0.00 0 -0.65 664.92 555.53 696.89 585.73 1.61 0.87 1.51 2.27 1.69 35.49 -0.65
Car 0.00 0 -2.81 668.68 555.24 739.39 579.94 1.47 1.82 4.19 4.15 1.76 41.55 -2.81
Car 0.00 0 -0.01 1107.45 557.95 1159.09 586.52 1.53 0.87 2.19 27.31 1.78 35.46 -0.01
Cyclist 0.00 0 1.56 837.54 596.87 938.35 729.54 1.61 0.87 1.51 3.50 1.69 9.18 1.56
Car 0.00 0 -0.00 1194.62 557.83 1279.00 591.51 1.57 1.80 5.37 31.17 1.71 31.98 -0.00
Car 0.00 0 3.12 978.95 556.14 1058.02 577.86 1.39 1.99 4.18 25.61 1.81 43.42 3.12
Car 0.00 0 0.09 947.99 558.81 1070.17 592.68 1.54 2.04 4.97 18.18 1.73 31.65 0.09
Car 0.00 0 -1.59 265.15 580.60 337.24 671.15 1.62 0.58 1.66 -6.90 1.70 13.11 -1.59
Car 0.00 0 1.56 975.78 660.31 1279.00 1079.00 1.65 2.15 5.03 3.50 1.69 2.10 1.56
Car 0.00 0 1.56 618.72 551.03 662.66 601.62 1.99 1.77 4.44 0.03 1.51 28.07 1.56
Car 0.00 0 1.56 530.43 598.73 749.87 794.34 1.49 2.16 4.79 0.00 1.76 8.71 1.56