Car 0.00 0 -1.59 440.82 567.97 563.43 650.34 1.65 2.15 5.03 -3.45 1.69 17.15 -1.59
Cyclist 0.00 0 -0.58 677.73 555.73 710.19 586.28 1.61 0.87 1.51 2.95 1.69 35.04 -0.58
Car 0.00 0 -2.78 661.03 555.30 732.04 580.20 1.47 1.82 4.19 3.65 1.76 41.31 -2.78
Car 0.00 0 -0.01 1125.54 558.03 1177.49 586.45 1.53 0.87 2.19 28.33 1.78 35.47 -0.01
Cyclist 0.00 0 1.56 837.54 596.87 938.35 729.54 1.61 0.87 1.51 3.50 1.69 9.18 1.56
Car 0.00 0 -0.00 1213.43 557.81 1279.00 591.50 1.57 1.80 5.37 32.14 1.71 31.98 -0.00
Car 0.00 0 3.12 978.79 556.16 1057.85 577.83 1.39 1.99 4.18 25.60 1.81 43.42 3.12
Car 0.00 0 0.07 963.31 558.57 1086.89 592.26 1.54 2.04 4.97 18.99 1.73 31.69 0.07
Car 0.00 0 -1.59 221.70 584.60 306.71 685.92 1.62 0.58 1.66 -6.92 1.70 11.87 -1.59
Car 0.00 0 1.56 975.78 660.31 1279.00 1079.00 1.65 2.15 5.03 3.50 1.69 2.10 1.56
Car 0.00 0 1.56 618.93 550.84 662.46 601.24 1.99 1.77 4.44 0.03 1.51 28.31 1.56
Car 0.00 0 1.56 530.43 598.73 749.87 794.34 1.49 2.16 4.79 0.00 1.76 8.71 1.56