Car 0.00 0 -1.58 299.38 580.66 527.13 727.85 1.65 2.15 5.03 -3.49 1.69 11.10 -1.58
Cyclist 0.00 0 -0.39 752.36 556.59 784.58 589.05 1.61 0.87 1.51 6.67 1.69 33.21 -0.39
Car 0.00 0 -2.56 606.92 556.01 680.11 582.78 1.47 1.82 4.19 0.24 1.76 39.23 -2.56
Car 0.00 0 -0.00 1207.31 558.01 1261.22 586.42 1.53 0.87 2.19 32.94 1.78 35.49 -0.00
Cyclist 0.00 0 1.56 837.52 596.86 938.31 729.52 1.61 0.87 1.51 3.50 1.69 9.18 1.56
Car 0.00 0 -0.00 1264.86 557.90 1279.00 591.48 1.57 1.80 5.37 34.79 1.71 32.00 -0.00
Car 0.00 0 3.13 975.18 556.15 1054.07 577.85 1.39 1.99 4.18 25.35 1.81 43.42 3.13
Car 0.00 0 0.04 1044.15 558.78 1172.41 592.18 1.54 2.04 4.97 23.19 1.73 31.82 0.04
Car 0.00 0 1.56 975.78 660.31 1279.00 1079.00 1.65 2.15 5.03 3.50 1.69 2.10 1.56
Car 0.00 0 1.56 620.35 550.23 661.06 597.25 1.99 1.77 4.44 0.03 1.51 30.12 1.56
Car 0.00 0 1.56 530.45 598.72 749.86 794.30 1.49 2.16 4.79 0.00 1.76 8.71 1.56