Cyclist 0.00 0 -0.03 951.88 557.33 990.93 590.46 1.61 0.87 1.51 16.59 1.69 32.06 -0.03
Car 0.00 0 -1.58 598.38 549.98 608.23 567.19 1.52 0.80 2.04 -3.42 1.72 59.73 -1.58
Car 0.00 0 -1.59 316.48 573.35 445.84 643.28 1.47 1.82 4.19 -6.91 1.76 17.61 -1.59
Car 0.00 0 -0.00 1271.12 558.00 1279.00 586.39 1.53 0.87 2.19 36.54 1.78 35.52 -0.00
Cyclist 0.00 0 1.56 837.37 596.81 937.96 729.33 1.61 0.87 1.51 3.50 1.69 9.19 1.56
Car 0.00 0 -0.00 1264.95 557.93 1279.00 591.43 1.57 1.80 5.37 34.80 1.71 32.00 -0.00
Car 0.00 0 3.13 971.63 556.16 1050.32 577.83 1.39 1.99 4.18 25.11 1.81 43.42 3.13
Car 0.00 0 0.02 1075.81 558.75 1206.53 592.11 1.54 2.04 4.97 24.85 1.73 31.85 0.02
Car 0.00 0 1.56 975.78 660.31 1279.00 1079.00 1.65 2.15 5.03 3.50 1.69 2.10 1.56
Car 0.00 0 1.56 624.66 548.21 656.88 585.48 1.99 1.77 4.44 0.05 1.51 37.47 1.56
Car 0.00 0 1.56 530.45 598.72 749.86 794.30 1.49 2.16 4.79 0.00 1.76 8.71 1.56