Cyclist 0.00 0 -0.03 951.89 557.33 990.92 590.46 1.61 0.87 1.51 16.59 1.69 32.06 -0.03
Car 0.00 0 -1.58 597.85 550.11 607.83 567.53 1.52 0.80 2.04 -3.42 1.72 59.01 -1.58
Truck 0.00 0 -1.58 547.82 544.07 581.61 568.33 2.10 2.39 6.27 -6.92 1.45 59.50 -1.58
Car 0.00 0 -1.59 302.02 574.50 438.84 647.83 1.47 1.82 4.19 -6.92 1.76 16.96 -1.59
Car 0.00 0 -0.00 1271.12 558.00 1279.00 586.39 1.53 0.87 2.19 36.54 1.78 35.52 -0.00
Cyclist 0.00 0 1.56 837.36 596.81 937.97 729.33 1.61 0.87 1.51 3.50 1.69 9.19 1.56
Car 0.00 0 -0.00 1264.95 557.93 1279.00 591.43 1.57 1.80 5.37 34.80 1.71 32.00 -0.00
Car 0.00 0 3.13 971.61 556.16 1050.30 577.83 1.39 1.99 4.18 25.10 1.81 43.42 3.13
Car 0.00 0 0.02 1075.81 558.75 1206.53 592.11 1.54 2.04 4.97 24.85 1.73 31.85 0.02
Car 0.00 0 1.56 975.78 660.31 1279.00 1079.00 1.65 2.15 5.03 3.50 1.69 2.10 1.56
Car 0.00 0 1.56 624.89 548.11 656.67 584.85 1.99 1.77 4.44 0.05 1.51 37.96 1.56
Car 0.00 0 1.56 530.45 598.72 749.86 794.30 1.49 2.16 4.79 0.00 1.76 8.71 1.56