Truck 0.00 0 -1.00 679.43 544.70 716.38 573.03 -1.00 -1.00 -1.00 -1.00 -1.00 -1.00 -1.00
Motorcycle 0.00 0 -1.00 845.13 580.41 909.86 679.73 -1.00 -1.00 -1.00 -1.00 -1.00 -1.00 -1.00
Car 0.00 0 -1.00 647.47 540.78 683.36 569.30 -1.00 -1.00 -1.00 -1.00 -1.00 -1.00 -1.00
Car 0.00 0 -1.00 715.37 556.49 751.50 589.28 -1.00 -1.00 -1.00 -1.00 -1.00 -1.00 -1.00
Car 0.00 0 -1.00 714.20 563.58 737.87 603.89 -1.00 -1.00 -1.00 -1.00 -1.00 -1.00 -1.00
Cyclist 0.00 0 -1.00 797.31 559.10 819.68 597.06 -1.00 -1.00 -1.00 -1.00 -1.00 -1.00 -1.00
Car 0.00 0 -1.00 778.78 556.15 821.94 588.38 -1.00 -1.00 -1.00 -1.00 -1.00 -1.00 -1.00
Car 0.00 0 -1.00 486.04 568.78 577.13 613.50 -1.00 -1.00 -1.00 -1.00 -1.00 -1.00 -1.00
Car 0.00 0 -1.00 720.41 526.50 764.29 575.39 -1.00 -1.00 -1.00 -1.00 -1.00 -1.00 -1.00
Car 0.00 0 -1.00 789.09 563.43 874.21 627.69 -1.00 -1.00 -1.00 -1.00 -1.00 -1.00 -1.00
Car 0.00 0 -1.00 671.49 556.35 745.10 642.83 -1.00 -1.00 -1.00 -1.00 -1.00 -1.00 -1.00
Car 0.00 0 -1.00 567.89 597.06 778.85 789.43 -1.00 -1.00 -1.00 -1.00 -1.00 -1.00 -1.00