Car 0.00 0 -1.00 1050.16 552.38 1146.68 577.95 -1.00 -1.00 -1.00 -1.00 -1.00 -1.00 -1.00
Car 0.00 0 -1.00 999.68 519.75 1198.72 592.75 -1.00 -1.00 -1.00 -1.00 -1.00 -1.00 -1.00
Car 0.00 0 -1.00 628.97 551.71 652.72 573.01 -1.00 -1.00 -1.00 -1.00 -1.00 -1.00 -1.00
Car 0.00 0 -1.00 1184.57 554.76 1271.64 577.64 -1.00 -1.00 -1.00 -1.00 -1.00 -1.00 -1.00
Car 0.00 0 -1.00 660.85 562.45 696.82 601.38 -1.00 -1.00 -1.00 -1.00 -1.00 -1.00 -1.00
Car 0.00 0 -1.00 854.54 559.70 960.46 594.91 -1.00 -1.00 -1.00 -1.00 -1.00 -1.00 -1.00
Car 0.00 0 -1.00 662.71 556.28 769.23 590.07 -1.00 -1.00 -1.00 -1.00 -1.00 -1.00 -1.00
Car 0.00 0 -1.00 1250.29 557.98 1279.00 590.86 -1.00 -1.00 -1.00 -1.00 -1.00 -1.00 -1.00
Motorcycle 0.00 0 -1.00 940.89 551.79 978.19 574.78 -1.00 -1.00 -1.00 -1.00 -1.00 -1.00 -1.00
Car 0.00 0 -1.00 789.05 598.09 1148.27 821.63 -1.00 -1.00 -1.00 -1.00 -1.00 -1.00 -1.00
Car 0.00 0 -1.00 1277.22 521.90 1279.00 586.95 -1.00 -1.00 -1.00 -1.00 -1.00 -1.00 -1.00
Car 0.00 0 -1.00 976.33 552.93 1005.53 577.27 -1.00 -1.00 -1.00 -1.00 -1.00 -1.00 -1.00
Car 0.00 0 -1.00 610.01 554.33 671.29 626.42 -1.00 -1.00 -1.00 -1.00 -1.00 -1.00 -1.00
Car 0.00 0 -1.00 530.08 598.83 750.20 795.12 -1.00 -1.00 -1.00 -1.00 -1.00 -1.00 -1.00
Car 0.00 0 -1.00 648.56 555.66 713.20 583.38 -1.00 -1.00 -1.00 -1.00 -1.00 -1.00 -1.00