Car 0.00 0 -1.00 701.49 552.78 786.22 580.23 -1.00 -1.00 -1.00 -1.00 -1.00 -1.00 -1.00
Cyclist 0.00 0 -1.00 591.33 550.91 603.17 571.92 -1.00 -1.00 -1.00 -1.00 -1.00 -1.00 -1.00
Car 0.00 0 -1.00 898.61 554.78 972.83 577.65 -1.00 -1.00 -1.00 -1.00 -1.00 -1.00 -1.00
Car 0.00 0 -1.00 719.65 559.04 760.59 592.45 -1.00 -1.00 -1.00 -1.00 -1.00 -1.00 -1.00
Car 0.00 0 -1.00 1100.47 559.44 1228.10 591.99 -1.00 -1.00 -1.00 -1.00 -1.00 -1.00 -1.00
Cyclist 0.00 0 -1.00 837.65 596.90 938.55 729.67 -1.00 -1.00 -1.00 -1.00 -1.00 -1.00 -1.00
Car 0.00 0 -1.00 881.90 557.96 1006.95 591.55 -1.00 -1.00 -1.00 -1.00 -1.00 -1.00 -1.00
Car 0.00 0 -1.00 1066.51 556.08 1149.60 577.84 -1.00 -1.00 -1.00 -1.00 -1.00 -1.00 -1.00
Car 0.00 0 -1.00 751.04 561.50 835.53 608.46 -1.00 -1.00 -1.00 -1.00 -1.00 -1.00 -1.00
Car 0.00 0 -1.00 594.62 554.77 622.61 584.34 -1.00 -1.00 -1.00 -1.00 -1.00 -1.00 -1.00
Car 0.00 0 -1.00 975.78 660.32 1279.00 1079.00 -1.00 -1.00 -1.00 -1.00 -1.00 -1.00 -1.00
Car 0.00 0 -1.00 611.07 553.77 670.28 623.78 -1.00 -1.00 -1.00 -1.00 -1.00 -1.00 -1.00
Car 0.00 0 -1.00 530.35 598.75 749.95 794.53 -1.00 -1.00 -1.00 -1.00 -1.00 -1.00 -1.00