Car 0.00 0 1.92 574.29 559.29 649.95 597.70 1.49 2.16 4.79 -1.42 1.72 29.98 1.92
Car 0.00 0 1.56 575.24 581.51 705.45 690.10 1.49 2.16 4.79 0.01 1.75 13.03 1.56
Car 0.00 0 3.13 1039.96 556.75 1090.80 579.89 1.38 1.48 2.21 26.75 1.77 40.29 3.13
Car 0.00 0 3.13 916.23 551.54 1005.47 576.90 1.65 2.15 5.03 21.89 1.64 43.81 3.13
Truck 0.00 0 -3.05 143.61 544.98 262.19 577.31 2.10 2.39 6.27 -29.54 1.40 43.45 -3.05
Car 0.00 0 0.05 146.32 547.04 250.36 584.30 2.04 2.07 4.48 -25.19 1.44 36.65 0.05
Car 0.00 0 1.00 734.60 560.73 804.75 594.79 1.39 1.99 4.18 6.39 1.78 31.20 1.00
Car 0.00 0 -3.09 933.20 553.85 1005.91 579.53 1.55 1.79 3.71 20.88 1.67 40.63 -3.09
Car 0.00 0 0.31 785.65 505.64 980.36 587.23 4.25 3.94 10.27 13.94 0.33 36.83 0.31
Car 0.00 0 3.02 357.48 554.61 427.30 579.97 1.50 1.85 3.63 -15.47 1.69 40.08 3.02
Car 0.00 0 3.13 1038.32 524.70 1185.75 577.06 3.46 2.89 7.94 32.12 0.72 43.77 3.13