Car 0.00 0 1.97 564.13 561.24 644.94 601.31 1.49 2.16 4.79 -1.72 1.79 29.04 1.97
Car 0.00 0 1.56 577.04 582.06 703.44 687.09 1.49 2.16 4.79 0.01 1.78 13.35 1.56
Car 0.00 0 3.13 1055.94 558.88 1109.51 583.02 1.38 1.48 2.21 26.74 1.86 38.70 3.13
Car 0.00 0 3.13 926.21 553.42 1019.42 579.78 1.65 2.15 5.03 21.87 1.73 42.22 3.13
Truck 0.00 0 -3.01 81.91 546.67 211.16 580.69 2.10 2.39 6.27 -31.85 1.49 41.52 -3.01
Car 0.00 0 0.05 122.83 548.81 232.98 587.86 2.04 2.07 4.48 -25.20 1.52 35.04 0.05
Car 0.00 0 1.00 739.77 563.21 813.10 599.49 1.39 1.99 4.18 6.38 1.85 29.60 1.00
Car 0.00 0 -3.09 944.75 555.86 1020.94 582.65 1.55 1.79 3.71 20.87 1.76 39.04 -3.09
Car 0.00 0 0.31 792.02 505.39 995.66 591.06 4.25 3.94 10.27 13.93 0.41 35.24 0.31
Car 0.00 0 3.08 298.54 556.57 373.25 582.87 1.50 1.85 3.63 -18.32 1.77 38.67 3.08
Car 0.00 0 3.13 1052.65 525.56 1206.83 579.97 3.46 2.89 7.94 32.11 0.81 42.19 3.13