Car 0.00 0 1.72 725.88 563.71 802.60 611.90 1.49 2.16 4.79 4.95 1.76 24.94 1.72
Car 0.00 0 1.94 578.83 595.29 778.82 777.38 1.49 2.16 4.79 0.73 1.76 9.29 1.94
Car 0.00 0 1.86 689.56 581.26 756.47 648.04 1.38 1.48 2.21 2.14 1.82 16.16 1.86
Truck 0.00 0 -1.58 821.83 544.34 865.52 570.09 2.10 2.39 6.27 18.08 1.46 56.58 -1.58
Motorcycle 0.00 0 1.59 874.84 556.55 896.91 590.87 1.65 0.77 2.35 12.70 1.71 33.02 1.59
Car 0.00 0 1.56 877.24 551.80 892.44 570.70 1.53 0.87 2.19 20.74 1.78 54.18 1.56
Truck 0.00 0 2.00 829.08 566.59 1279.00 1017.81 2.10 2.39 6.27 3.83 1.45 6.58 2.00
Cyclist 0.00 0 1.56 913.70 551.78 928.87 574.51 1.61 0.87 1.51 20.74 1.69 47.18 1.56
Car 0.00 0 1.56 914.53 551.09 947.50 571.68 1.54 2.04 4.97 24.30 1.74 53.34 1.56
Car 0.00 0 -1.51 605.25 562.45 680.33 594.71 1.30 1.89 4.72 0.24 1.86 31.86 -1.51
Car 0.00 0 1.56 881.74 552.91 929.39 582.86 1.65 2.15 5.03 16.80 1.69 40.33 1.56
Car 0.00 0 1.73 780.69 478.08 924.23 630.57 4.25 3.94 10.27 7.85 0.38 23.35 1.73
Car 0.00 0 1.57 831.69 547.26 872.60 579.57 1.99 1.77 4.44 14.29 1.51 42.96 1.57
Car 0.00 0 1.60 776.46 558.29 839.90 592.80 1.49 2.16 4.79 8.76 1.76 33.04 1.60