Car 0.00 0 1.56 668.46 564.55 732.50 614.38 1.49 2.16 4.79 2.34 1.76 24.09 1.56
Car 0.00 0 1.58 586.95 592.12 767.97 752.69 1.49 2.16 4.79 0.68 1.76 10.04 1.58
Car 0.00 0 1.57 665.52 579.64 725.23 641.61 1.38 1.48 2.21 1.50 1.82 17.03 1.57
Motorcycle 0.00 0 1.59 887.86 598.57 1017.28 762.81 1.65 0.77 2.35 4.02 1.71 8.47 1.59
Car 0.00 0 1.16 722.93 552.40 743.41 572.50 1.53 0.87 2.19 7.48 1.78 51.33 1.16
Car 0.00 0 0.40 837.12 551.87 901.64 571.07 1.49 1.84 4.89 19.03 1.76 53.14 0.40
Cyclist 0.00 0 1.57 780.70 562.21 808.58 606.87 1.61 0.87 1.51 5.95 1.69 24.70 1.57
Car 0.00 0 -0.55 726.53 549.94 789.92 569.12 1.57 1.80 5.37 10.55 1.72 57.37 -0.55
Car 0.00 0 1.56 754.38 558.09 805.56 595.08 1.54 2.04 4.97 6.84 1.74 31.75 1.56
Car 0.00 0 1.56 778.41 568.62 898.34 653.82 1.65 2.15 5.03 4.96 1.69 16.79 1.56
Car 0.00 0 1.56 696.98 547.06 723.90 577.87 1.99 1.77 4.44 4.95 1.51 44.65 1.56
Car 0.00 0 1.56 683.15 558.55 729.08 593.21 1.49 2.16 4.79 3.43 1.76 32.68 1.56