Car 0.00 0 1.56 689.98 563.04 749.89 609.33 1.49 2.16 4.79 3.28 1.76 25.64 1.56
Car 0.00 0 1.58 620.24 586.05 769.77 715.34 1.49 2.16 4.79 1.11 1.76 11.66 1.58
Car 0.00 0 1.57 686.75 576.28 741.17 632.33 1.38 1.48 2.21 2.19 1.82 18.61 1.57
Motorcycle 0.00 0 1.59 878.38 590.51 977.19 724.64 1.65 0.77 2.35 4.39 1.70 9.97 1.59
Car 0.00 0 1.16 744.02 551.95 764.16 571.50 1.53 0.87 2.19 9.40 1.77 52.68 1.16
Car 0.00 0 0.40 856.76 551.52 920.96 570.32 1.49 1.84 4.89 21.01 1.75 54.07 0.40
Cyclist 0.00 0 1.57 796.69 560.88 822.71 602.99 1.61 0.87 1.51 6.91 1.69 26.12 1.57
Car 0.00 0 -1.53 0.00 603.99 297.01 867.73 1.51 2.13 4.90 -6.55 1.75 7.43 -1.53
Car 0.00 0 1.56 773.26 557.23 821.63 592.47 1.54 2.04 4.97 8.05 1.73 33.13 1.56
Car 0.00 0 1.56 792.12 566.44 898.32 643.18 1.65 2.15 5.03 5.63 1.69 18.26 1.56
Car 0.00 0 1.56 718.36 546.70 744.49 576.50 1.99 1.77 4.44 6.63 1.50 46.09 1.56
Car 0.00 0 1.56 704.42 557.64 748.31 590.58 1.49 2.16 4.79 4.67 1.76 34.19 1.56