Car 0.00 0 1.57 776.88 559.07 835.10 593.59 1.49 2.16 4.79 8.66 1.81 33.10 1.57
Car 0.00 0 1.79 644.31 581.57 768.97 686.52 1.49 2.16 4.79 1.62 1.78 13.54 1.79
Car 0.00 0 1.63 744.33 569.51 793.67 611.44 1.38 1.48 2.21 4.87 1.85 24.04 1.63
Truck 0.00 0 -1.50 590.00 550.72 710.31 622.52 2.10 2.39 6.27 0.60 1.48 22.91 -1.50
Motorcycle 0.00 0 1.59 860.46 560.99 883.04 603.80 1.65 0.77 2.35 9.78 1.74 26.95 1.59
Car 0.00 0 -1.57 610.67 542.04 699.83 594.53 2.43 2.35 6.37 0.96 1.33 33.19 -1.57
Truck 0.00 0 1.89 839.80 567.04 1279.00 1007.89 2.10 2.39 6.27 3.96 1.47 6.68 1.89
Cyclist 0.00 0 1.56 884.01 554.17 899.58 579.95 1.61 0.87 1.51 16.45 1.75 41.80 1.56
Car 0.00 0 -1.59 749.14 551.77 787.15 571.24 1.51 2.13 4.90 11.13 1.82 55.35 -1.59
Car 0.00 0 1.56 880.61 553.09 913.00 576.14 1.54 2.04 4.97 19.41 1.81 48.27 1.56
Car 0.00 0 -1.58 740.38 556.60 786.85 583.70 1.48 1.97 3.81 7.68 1.82 39.50 -1.58
Car 0.00 0 1.56 857.71 555.76 906.64 591.49 1.65 2.15 5.03 13.17 1.74 34.61 1.56
Car 0.00 0 1.73 775.85 442.92 1001.95 681.63 4.25 3.94 10.27 5.86 0.40 16.87 1.73
Car 0.00 0 1.56 845.15 546.57 871.74 570.52 1.99 1.77 4.44 19.26 1.59 56.34 1.56
Car 0.00 0 1.56 819.33 554.54 860.11 578.49 1.49 2.16 4.79 14.17 1.83 45.24 1.56