Car 0.00 0 1.56 708.42 560.90 762.10 600.83 1.49 2.16 4.79 4.41 1.78 29.05 1.56
Car 0.00 0 1.60 622.25 584.69 764.25 707.78 1.49 2.16 4.79 1.17 1.77 12.12 1.60
Car 0.00 0 1.57 703.90 571.54 750.71 617.20 1.38 1.48 2.21 3.05 1.83 22.08 1.57
Motorcycle 0.00 0 1.59 847.95 579.14 908.42 673.68 1.65 0.77 2.35 4.91 1.71 13.36 1.59
Car 0.00 0 1.16 762.94 551.67 782.27 570.07 1.53 0.87 2.19 11.58 1.80 55.83 1.16
Cyclist 0.00 0 1.57 804.63 559.00 826.85 596.20 1.61 0.87 1.51 8.06 1.70 29.40 1.57
Car 0.00 0 -1.57 355.74 572.51 520.01 650.10 1.51 2.13 4.90 -5.14 1.75 17.17 -1.57
Car 0.00 0 1.56 787.13 556.18 829.38 587.89 1.54 2.04 4.97 9.47 1.75 36.35 1.56
Car 0.00 0 -1.41 0.00 756.97 119.67 1079.00 1.48 1.97 3.81 -3.46 1.77 1.11 -1.41
Car 0.00 0 1.56 796.06 563.16 878.20 625.55 1.65 2.15 5.03 6.48 1.70 21.58 1.56
Car 0.00 0 1.73 767.95 79.28 1279.00 1079.00 4.25 3.94 10.27 3.38 0.38 2.65 1.73
Car 0.00 0 1.56 737.80 546.65 762.88 574.36 1.99 1.77 4.44 8.55 1.53 49.36 1.56
Car 0.00 0 1.56 723.10 556.53 763.82 586.16 1.49 2.16 4.79 6.13 1.78 37.52 1.56