Car 0.00 0 1.56 659.77 565.32 726.18 617.18 1.49 2.16 4.79 1.99 1.76 23.29 1.56
Car 0.00 0 1.58 569.38 595.80 772.04 778.15 1.49 2.16 4.79 0.52 1.76 9.22 1.58
Car 0.00 0 1.57 656.84 581.50 719.68 647.00 1.38 1.48 2.21 1.25 1.82 16.22 1.57
Motorcycle 0.00 0 1.57 802.34 571.66 849.16 644.97 1.65 0.77 2.35 4.78 1.71 16.64 1.57
Car 0.00 0 0.64 761.68 551.43 787.84 569.99 1.53 0.87 2.19 11.69 1.78 55.49 0.64
Cyclist 0.00 0 1.56 759.68 557.26 779.93 591.22 1.61 0.87 1.51 6.48 1.69 32.00 1.56
Car 0.00 0 -0.03 863.16 550.84 936.47 570.84 1.57 1.80 5.37 21.54 1.71 53.23 -0.03
Car 0.00 0 0.99 765.72 551.84 819.44 574.82 1.54 2.04 4.97 11.76 1.74 49.09 0.99
Car 0.00 0 -2.24 666.49 549.41 683.23 567.55 1.62 0.58 1.66 3.24 1.70 59.38 -2.24
Car 0.00 0 1.56 753.76 560.14 825.70 612.13 1.65 2.15 5.03 5.69 1.69 24.97 1.56
Car 0.00 0 1.64 756.17 0.00 1279.00 1079.00 4.25 3.94 10.27 3.43 0.38 3.84 1.64
Car 0.00 0 1.56 689.26 546.93 715.84 577.51 1.99 1.77 4.44 4.44 1.51 45.14 1.56
Car 0.00 0 1.56 674.74 558.98 721.81 594.58 1.49 2.16 4.79 2.95 1.76 31.91 1.56
Car 0.00 0 -1.58 511.32 571.59 606.66 639.55 1.50 1.85 3.63 -2.15 1.74 17.95 -1.58