Car 0.00 0 1.56 659.77 565.32 726.18 617.18 1.49 2.16 4.79 1.99 1.76 23.29 1.56
Car 0.00 0 1.58 569.38 595.80 772.04 778.15 1.49 2.16 4.79 0.52 1.76 9.22 1.58
Car 0.00 0 1.57 656.84 581.50 719.68 647.00 1.38 1.48 2.21 1.25 1.82 16.22 1.57
Motorcycle 0.00 0 1.57 834.96 582.80 910.08 689.47 1.65 0.77 2.35 4.30 1.71 12.03 1.57
Car 0.00 0 1.15 715.04 552.57 735.91 572.92 1.53 0.87 2.19 6.78 1.78 50.65 1.15
Car 0.00 0 0.03 938.35 552.10 1010.30 571.11 1.49 1.84 4.89 27.33 1.76 52.44 0.03
Cyclist 0.00 0 1.56 759.68 556.98 780.00 591.49 1.61 0.87 1.51 6.48 1.69 31.99 1.56
Car 0.00 0 -0.17 798.48 550.70 865.92 570.50 1.57 1.80 5.37 16.17 1.71 54.02 -0.17
Car 0.00 0 1.32 744.73 553.18 785.49 577.72 1.54 2.04 4.97 8.85 1.73 44.93 1.32
Car 0.00 0 1.56 754.81 560.69 829.25 614.29 1.65 2.15 5.03 5.62 1.69 24.30 1.56
Car 0.00 0 1.56 688.58 547.17 715.96 578.55 1.99 1.77 4.44 4.30 1.51 43.89 1.56
Car 0.00 0 1.56 674.74 558.98 721.81 594.58 1.49 2.16 4.79 2.95 1.76 31.91 1.56
Car 0.00 0 -1.58 578.87 562.43 637.95 605.80 1.50 1.85 3.63 -1.21 1.74 26.16 -1.58