Car 0.00 0 1.56 659.77 565.32 726.18 617.18 1.49 2.16 4.79 1.99 1.76 23.29 1.56
Car 0.00 0 1.58 569.38 595.80 772.04 778.15 1.49 2.16 4.79 0.52 1.76 9.22 1.58
Car 0.00 0 1.57 656.84 581.50 719.68 647.00 1.38 1.48 2.21 1.25 1.82 16.22 1.57
Motorcycle 0.00 0 1.59 898.69 603.63 1050.50 789.03 1.65 0.77 2.35 3.88 1.71 7.70 1.59
Car 0.00 0 1.16 714.76 552.57 735.45 572.98 1.53 0.87 2.19 6.74 1.78 50.60 1.16
Car 0.00 0 0.13 871.99 552.08 940.52 570.91 1.49 1.84 4.89 21.91 1.76 52.77 0.13
Cyclist 0.00 0 1.56 769.76 561.14 795.26 602.31 1.61 0.87 1.51 5.85 1.69 26.35 1.56
Car 0.00 0 -0.53 721.95 550.03 786.57 569.60 1.57 1.80 5.37 10.04 1.71 56.48 -0.53
Car 0.00 0 1.56 742.00 555.59 784.59 586.67 1.54 2.04 4.97 7.06 1.74 37.08 1.56
Car 0.00 0 1.56 772.00 568.70 894.09 654.94 1.65 2.15 5.03 4.78 1.69 16.66 1.56
Car 0.00 0 1.56 688.58 547.17 715.96 578.55 1.99 1.77 4.44 4.30 1.51 43.89 1.56
Car 0.00 0 1.56 674.74 558.98 721.81 594.58 1.49 2.16 4.79 2.95 1.76 31.91 1.56
Car 0.00 0 -1.59 617.98 556.49 658.37 586.64 1.50 1.85 3.63 -0.05 1.74 36.16 -1.59