Car 0.00 0 1.56 659.77 565.32 726.18 617.18 1.49 2.16 4.79 1.99 1.76 23.29 1.56
Car 0.00 0 1.58 569.38 595.80 772.04 778.15 1.49 2.16 4.79 0.52 1.76 9.22 1.58
Car 0.00 0 1.57 656.84 581.50 719.68 647.00 1.38 1.48 2.21 1.25 1.82 16.22 1.57
Car 0.00 0 -1.58 586.03 557.69 649.34 600.92 1.65 2.15 5.03 -0.89 1.69 29.03 -1.58
Cyclist 0.00 0 -0.11 821.97 550.38 841.39 569.79 1.61 0.87 1.51 16.21 1.69 54.16 -0.11
Motorcycle 0.00 0 1.57 801.88 571.61 848.40 644.31 1.65 0.77 2.35 4.79 1.71 16.72 1.57
Car 0.00 0 -2.19 638.76 550.96 683.63 568.57 1.47 1.82 4.19 1.96 1.77 58.19 -2.19
Cyclist 0.00 0 1.56 759.67 557.26 779.91 591.21 1.61 0.87 1.51 6.48 1.69 32.01 1.56
Car 0.00 0 -1.58 475.67 564.42 508.20 614.88 1.62 0.58 1.66 -5.16 1.70 22.39 -1.58
Car 0.00 0 1.56 753.76 560.14 825.70 612.13 1.65 2.15 5.03 5.69 1.69 24.97 1.56
Car 0.00 0 1.62 750.58 0.00 1279.00 1079.00 4.25 3.94 10.27 3.56 0.38 5.61 1.62
Car 0.00 0 1.56 692.93 545.93 715.21 571.40 1.99 1.77 4.44 5.37 1.51 53.42 1.56
Car 0.00 0 1.56 674.75 558.97 721.81 594.57 1.49 2.16 4.79 2.95 1.76 31.92 1.56