Car 0.00 0 1.56 659.77 565.32 726.18 617.18 1.49 2.16 4.79 1.99 1.76 23.29 1.56
Car 0.00 0 1.58 569.38 595.80 772.04 778.15 1.49 2.16 4.79 0.52 1.76 9.22 1.58
Car 0.00 0 1.57 656.84 581.50 719.68 647.00 1.38 1.48 2.21 1.25 1.82 16.22 1.57
Car 0.00 0 -1.58 579.19 558.36 646.45 604.37 1.65 2.15 5.03 -1.05 1.69 27.66 -1.58
Cyclist 0.00 0 -0.07 831.88 550.35 852.00 569.73 1.61 0.87 1.51 17.04 1.69 54.03 -0.07
Motorcycle 0.00 0 1.57 801.88 571.61 848.40 644.31 1.65 0.77 2.35 4.79 1.71 16.72 1.57
Car 0.00 0 -2.12 630.91 551.14 675.04 569.14 1.47 1.82 4.19 1.20 1.77 57.15 -2.12
Cyclist 0.00 0 1.56 759.67 557.26 779.91 591.21 1.61 0.87 1.51 6.48 1.69 32.01 1.56
Car 0.00 0 -1.58 459.18 566.03 494.91 620.09 1.62 0.58 1.66 -5.32 1.70 20.98 -1.58
Car 0.00 0 1.56 753.76 560.14 825.70 612.13 1.65 2.15 5.03 5.69 1.69 24.97 1.56
Car 0.00 0 1.62 750.58 0.00 1279.00 1079.00 4.25 3.94 10.27 3.56 0.38 5.61 1.62
Car 0.00 0 1.56 692.93 545.93 715.21 571.38 1.99 1.77 4.44 5.38 1.51 53.44 1.56
Car 0.00 0 1.56 674.75 558.97 721.81 594.57 1.49 2.16 4.79 2.95 1.76 31.92 1.56