Car 0.00 0 1.56 666.67 562.47 724.14 606.74 1.49 2.16 4.79 2.35 1.76 26.55 1.56
Car 0.00 0 1.58 569.38 595.80 772.04 778.15 1.49 2.16 4.79 0.52 1.76 9.22 1.58
Car 0.00 0 1.57 658.01 580.32 719.31 644.54 1.38 1.48 2.21 1.29 1.82 16.61 1.57
Cyclist 0.00 0 -0.03 893.57 550.52 915.40 570.29 1.61 0.87 1.51 22.02 1.69 53.29 -0.03
Motorcycle 0.00 0 1.57 800.72 571.34 846.44 642.75 1.65 0.77 2.35 4.82 1.71 16.94 1.57
Car 0.00 0 -0.17 807.49 551.30 832.71 569.75 1.52 0.80 2.04 15.27 1.73 54.28 -0.17
Cyclist 0.00 0 1.56 755.54 555.83 773.82 586.48 1.61 0.87 1.51 6.83 1.69 35.14 1.56
Car 0.00 0 -1.58 599.41 550.78 630.06 572.96 1.62 1.85 3.99 -1.96 1.70 50.84 -1.58
Car 0.00 0 1.56 750.73 558.74 815.94 605.90 1.65 2.15 5.03 5.93 1.69 27.07 1.56
Car 0.00 0 1.62 750.58 0.00 1279.00 1079.00 4.25 3.94 10.27 3.56 0.38 5.61 1.62
Car 0.00 0 1.56 680.61 556.32 720.24 585.93 1.49 2.16 4.79 3.58 1.76 37.47 1.56