Car 0.00 0 0.64 710.08 557.47 797.99 588.13 1.49 2.16 4.79 6.42 1.78 35.80 0.64
Car 0.00 0 1.56 577.77 582.09 705.20 687.78 1.49 2.16 4.79 0.03 1.77 13.26 1.56
Car 0.00 0 1.56 621.84 568.17 662.13 608.80 1.38 1.48 2.21 0.08 1.83 24.64 1.56
Cyclist 0.00 0 -0.03 931.51 556.47 967.20 587.21 1.61 0.87 1.51 16.66 1.71 34.50 -0.03
Motorcycle 0.00 0 1.56 768.75 576.33 827.76 661.46 1.65 0.77 2.35 3.54 1.71 14.53 1.56
Car 0.00 0 -0.17 801.37 557.85 842.03 586.93 1.52 0.80 2.04 9.85 1.75 34.75 -0.17
Car 0.00 0 0.00 1254.30 557.23 1279.00 583.76 1.53 0.87 2.19 37.91 1.80 37.92 0.00
Cyclist 0.00 0 0.92 778.72 559.04 809.93 596.47 1.61 0.87 1.51 7.07 1.70 29.30 0.92
Car 0.00 0 -0.00 1224.33 557.07 1279.00 588.08 1.57 1.80 5.37 34.90 1.73 34.40 -0.00
Car 0.00 0 3.13 952.52 555.68 1026.12 576.14 1.39 1.99 4.18 24.96 1.84 45.84 3.13
Car 0.00 0 0.02 1047.44 557.83 1167.15 588.65 1.54 2.04 4.97 24.94 1.75 34.28 0.02
Car 0.00 0 1.45 721.72 562.65 794.57 622.57 1.65 2.15 5.03 3.95 1.70 22.21 1.45
Car 0.00 0 1.56 747.84 0.00 1279.00 1079.00 4.25 3.94 10.27 3.37 0.38 3.25 1.56
Car 0.00 0 3.14 1044.50 526.50 1184.90 576.36 3.46 2.89 7.94 33.89 0.79 45.90 3.14
Car 0.00 0 -0.00 977.50 557.04 1080.71 583.94 1.49 2.16 4.79 22.92 1.78 37.84 -0.00