Car 0.00 0 1.56 671.34 557.95 713.18 589.30 1.49 2.16 4.79 2.93 1.81 35.59 1.56
Car 0.00 0 1.57 613.42 583.31 745.51 694.99 1.49 2.16 4.79 0.84 1.78 12.89 1.57
Car 0.00 0 1.56 668.07 569.76 709.97 611.97 1.38 1.48 2.21 1.84 1.85 23.78 1.56
Cyclist 0.00 0 -0.03 891.52 551.76 914.33 572.35 1.61 0.87 1.51 21.02 1.76 51.20 -0.03
Motorcycle 0.00 0 1.56 773.07 564.43 804.29 616.19 1.65 0.77 2.35 5.24 1.74 22.69 1.56
Car 0.00 0 -0.17 802.31 552.59 828.57 571.84 1.52 0.80 2.04 14.26 1.80 52.05 -0.17
Cyclist 0.00 0 1.32 750.28 554.06 767.73 580.22 1.61 0.87 1.51 7.73 1.74 41.52 1.32
Car 0.00 0 -1.58 535.17 556.42 585.23 590.52 1.62 1.85 3.99 -4.21 1.74 34.39 -1.58
Car 0.00 0 0.02 973.82 552.85 1052.87 573.60 1.54 2.04 4.97 29.23 1.80 50.23 0.02
Car 0.00 0 1.56 736.62 556.44 788.64 594.16 1.65 2.15 5.03 6.19 1.74 32.85 1.56
Car 0.00 0 1.58 742.05 252.06 1279.00 968.74 4.25 3.94 10.27 3.87 0.39 9.06 1.58
Car 0.00 0 1.21 690.60 553.72 738.60 576.14 1.49 2.16 4.79 5.66 1.82 48.01 1.21