Car 0.00 0 1.48 631.37 556.58 677.28 588.52 1.49 2.16 4.79 0.87 1.72 35.01 1.48
Car 0.00 0 1.56 583.89 580.83 711.67 687.63 1.49 2.16 4.79 0.17 1.75 13.23 1.56
Car 0.00 0 1.56 630.08 567.52 670.83 608.40 1.38 1.48 2.21 0.40 1.79 24.37 1.56
Cyclist 0.00 0 -0.03 876.78 551.76 903.17 575.46 1.61 0.87 1.51 17.37 1.63 44.50 -0.03
Motorcycle 0.00 0 1.56 737.55 563.96 771.25 618.11 1.65 0.77 2.35 3.84 1.68 21.68 1.56
Car 0.00 0 -0.17 775.55 552.83 806.13 575.19 1.52 0.80 2.04 10.56 1.67 44.86 -0.17
Cyclist 0.00 0 0.92 751.95 552.62 776.77 581.14 1.61 0.87 1.51 7.67 1.64 39.44 0.92
Car 0.00 0 -0.00 1108.02 552.35 1207.56 576.28 1.57 1.80 5.37 35.59 1.66 44.08 -0.00
Car 0.00 0 -1.58 282.40 571.22 431.08 655.19 1.62 1.85 3.99 -6.79 1.68 15.85 -1.58
Car 0.00 0 0.02 968.02 552.87 1057.22 576.43 1.54 2.04 4.97 25.63 1.68 44.13 0.02
Car 0.00 0 1.49 704.45 555.50 753.75 595.07 1.65 2.15 5.03 4.28 1.65 31.43 1.49
Car 0.00 0 1.56 716.92 88.17 1279.00 1079.00 4.25 3.94 10.27 3.43 0.37 7.67 1.56
Car 0.00 0 0.44 733.59 552.51 805.17 574.80 1.49 2.16 4.79 9.50 1.70 47.00 0.44