Car 0.00 0 0.77 691.96 556.34 776.24 587.47 1.49 2.16 4.79 5.28 1.71 35.54 0.77
Car 0.00 0 1.56 576.12 581.47 707.02 690.95 1.49 2.16 4.79 0.03 1.75 12.98 1.56
Car 0.00 0 1.56 621.51 567.57 662.75 609.22 1.38 1.48 2.21 0.08 1.79 24.09 1.56
Cyclist 0.00 0 -0.03 926.88 555.00 961.86 585.21 1.61 0.87 1.51 16.67 1.64 35.09 -0.03
Motorcycle 0.00 0 1.56 764.29 573.83 819.98 655.12 1.65 0.77 2.35 3.54 1.68 15.12 1.56
Car 0.00 0 -0.17 798.91 556.36 838.81 584.94 1.52 0.80 2.04 9.86 1.68 35.34 -0.17
Car 0.00 0 0.00 1245.31 555.78 1279.00 581.89 1.53 0.87 2.19 37.92 1.73 38.51 0.00
Cyclist 0.00 0 0.92 776.14 557.48 806.82 594.13 1.61 0.87 1.51 7.08 1.65 29.89 0.92
Car 0.00 0 -0.00 1214.98 555.60 1279.00 586.07 1.57 1.80 5.37 34.91 1.66 34.98 -0.00
Car 0.00 0 3.13 948.86 554.28 1021.35 574.47 1.39 1.99 4.18 24.98 1.75 46.42 3.13
Car 0.00 0 0.02 1040.96 556.34 1158.29 586.61 1.54 2.04 4.97 24.95 1.69 34.86 0.02
Car 0.00 0 1.45 720.02 560.93 790.25 618.96 1.65 2.15 5.03 3.96 1.66 22.80 1.45
Car 0.00 0 1.56 740.95 0.00 1279.00 1079.00 4.25 3.94 10.27 3.37 0.37 3.84 1.56
Car 0.00 0 3.14 1039.78 525.47 1178.12 574.69 3.46 2.89 7.94 33.90 0.71 46.48 3.14
Car 0.00 0 -0.00 954.62 555.59 1054.93 582.07 1.49 2.16 4.79 21.81 1.71 38.42 -0.00