Car 0.00 0 1.54 652.26 556.96 693.97 588.22 1.49 2.16 4.79 1.90 1.75 35.62 1.54
Car 0.00 0 1.57 598.67 582.15 729.67 692.42 1.49 2.16 4.79 0.52 1.76 12.97 1.57
Car 0.00 0 1.56 650.53 568.58 692.06 610.39 1.38 1.48 2.21 1.18 1.81 23.95 1.56
Cyclist 0.00 0 -0.03 876.64 551.08 899.92 572.19 1.61 0.87 1.51 19.35 1.68 49.91 -0.03
Motorcycle 0.00 0 1.56 755.93 563.83 787.84 616.13 1.65 0.77 2.35 4.59 1.70 22.41 1.56
Car 0.00 0 -0.17 785.73 551.96 812.68 571.78 1.52 0.80 2.04 12.56 1.72 50.54 -0.17
Cyclist 0.00 0 1.24 737.91 553.11 756.85 579.49 1.61 0.87 1.51 6.94 1.68 41.31 1.24
Car 0.00 0 -1.58 493.92 557.40 552.84 596.47 1.62 1.85 3.99 -5.45 1.69 30.39 -1.58
Car 0.00 0 0.02 959.75 552.15 1039.61 573.29 1.54 2.04 4.97 27.59 1.73 49.20 0.02
Car 0.00 0 1.56 718.09 555.65 770.73 593.55 1.65 2.15 5.03 5.21 1.68 32.57 1.56
Car 0.00 0 1.57 726.45 253.31 1279.00 934.26 4.25 3.94 10.27 3.66 0.37 9.23 1.57
Car 0.00 0 1.07 682.32 552.70 736.17 575.06 1.49 2.16 4.79 5.27 1.75 48.14 1.07